/*--------------------------------*- C++ -*----------------------------------*\
| =========                 |                                                 |
| \\      /  F ield         | OpenFOAM: The Open Source CFD Toolbox           |
|  \\    /   O peration     | Version:  3.0.1                                 |
|   \\  /    A nd           | Web:      www.OpenFOAM.org                      |
|    \\/     M anipulation  |                                                 |
\*---------------------------------------------------------------------------*/
FoamFile
{
    version     2.0;
    format      ascii;
    class       faceList;
    location    "constant/polyMesh";
    object      faces;
}
// * * * * * * * * * * * * * * * * * * * * * * * * * * * * * * * * * * * * * //


2692
(
4(6 7 3 2)
4(7 5 1 3)
4(6 2 0 4)
4(6 4 5 7)
4(8 10 11 9)
4(3 9 11 7)
4(2 6 10 8)
4(6 7 11 10)
4(12 14 15 13)
4(9 13 15 11)
4(8 10 14 12)
4(10 11 15 14)
4(16 18 19 17)
4(13 17 19 15)
4(12 14 18 16)
4(14 15 19 18)
4(20 22 23 21)
4(17 21 23 19)
4(16 18 22 20)
4(18 19 23 22)
4(24 26 27 25)
4(21 25 27 23)
4(20 22 26 24)
4(22 23 27 26)
4(28 30 31 29)
4(25 29 31 27)
4(24 26 30 28)
4(26 27 31 30)
4(32 34 35 33)
4(29 33 35 31)
4(28 30 34 32)
4(30 31 35 34)
4(36 38 39 37)
4(33 37 39 35)
4(32 34 38 36)
4(34 35 39 38)
4(40 42 43 41)
4(37 41 43 39)
4(36 38 42 40)
4(38 39 43 42)
4(44 46 47 45)
4(41 45 47 43)
4(40 42 46 44)
4(42 43 47 46)
4(48 50 51 49)
4(45 49 51 47)
4(44 46 50 48)
4(46 47 51 50)
4(52 54 55 53)
4(49 53 55 51)
4(48 50 54 52)
4(50 51 55 54)
4(56 58 59 57)
4(53 57 59 55)
4(52 54 58 56)
4(54 55 59 58)
4(60 62 63 61)
4(57 61 63 59)
4(56 58 62 60)
4(58 59 63 62)
4(64 66 67 65)
4(61 65 67 63)
4(60 62 66 64)
4(62 63 67 66)
4(68 70 71 69)
4(65 69 71 67)
4(64 66 70 68)
4(66 67 71 70)
4(72 74 75 73)
4(69 73 75 71)
4(68 70 74 72)
4(70 71 75 74)
4(76 78 79 77)
4(73 77 79 75)
4(72 74 78 76)
4(74 75 79 78)
4(80 82 83 81)
4(77 81 83 79)
4(76 78 82 80)
4(78 79 83 82)
4(84 86 87 85)
4(81 85 87 83)
4(80 82 86 84)
4(82 83 87 86)
4(88 90 91 89)
4(85 89 91 87)
4(84 86 90 88)
4(86 87 91 90)
4(92 94 95 93)
4(89 93 95 91)
4(88 90 94 92)
4(90 91 95 94)
4(96 98 99 97)
4(93 97 99 95)
4(92 94 98 96)
4(94 95 99 98)
4(100 102 103 101)
4(97 101 103 99)
4(96 98 102 100)
4(98 99 103 102)
4(104 106 107 105)
4(101 105 107 103)
4(100 102 106 104)
4(102 103 107 106)
4(108 110 111 109)
4(105 109 111 107)
4(104 106 110 108)
4(106 107 111 110)
4(112 114 115 113)
4(109 113 115 111)
4(108 110 114 112)
4(110 111 115 114)
4(116 118 119 117)
4(113 117 119 115)
4(112 114 118 116)
4(114 115 119 118)
4(120 122 123 121)
4(117 121 123 119)
4(116 118 122 120)
4(118 119 123 122)
4(124 126 127 125)
4(121 125 127 123)
4(120 122 126 124)
4(122 123 127 126)
4(128 130 131 129)
4(125 129 131 127)
4(124 126 130 128)
4(126 127 131 130)
4(132 134 135 133)
4(129 133 135 131)
4(128 130 134 132)
4(130 131 135 134)
4(136 138 139 137)
4(133 137 139 135)
4(132 134 138 136)
4(134 135 139 138)
4(140 142 143 141)
4(137 141 143 139)
4(136 138 142 140)
4(138 139 143 142)
4(144 146 147 145)
4(141 145 147 143)
4(140 142 146 144)
4(142 143 147 146)
4(148 150 151 149)
4(145 149 151 147)
4(144 146 150 148)
4(146 147 151 150)
4(152 154 155 153)
4(149 153 155 151)
4(148 150 154 152)
4(150 151 155 154)
4(156 158 159 157)
4(153 157 159 155)
4(152 154 158 156)
4(154 155 159 158)
4(160 162 163 161)
4(157 161 163 159)
4(156 158 162 160)
4(158 159 163 162)
4(164 166 167 165)
4(161 165 167 163)
4(160 162 166 164)
4(162 163 167 166)
4(168 170 171 169)
4(165 169 171 167)
4(164 166 170 168)
4(166 167 171 170)
4(172 174 175 173)
4(169 173 175 171)
4(168 170 174 172)
4(170 171 175 174)
4(176 178 179 177)
4(173 177 179 175)
4(172 174 178 176)
4(174 175 179 178)
4(180 182 183 181)
4(177 181 183 179)
4(176 178 182 180)
4(178 179 183 182)
4(184 186 187 185)
4(181 185 187 183)
4(180 182 186 184)
4(182 183 187 186)
4(188 190 191 189)
4(185 189 191 187)
4(184 186 190 188)
4(186 187 191 190)
4(192 194 195 193)
4(189 193 195 191)
4(188 190 194 192)
4(190 191 195 194)
4(196 198 199 197)
4(193 197 199 195)
4(192 194 198 196)
4(194 195 199 198)
4(200 202 203 201)
4(197 201 203 199)
4(196 198 202 200)
4(198 199 203 202)
4(204 206 207 205)
4(201 205 207 203)
4(200 202 206 204)
4(202 203 207 206)
4(208 210 211 209)
4(205 209 211 207)
4(204 206 210 208)
4(206 207 211 210)
4(212 214 215 213)
4(209 213 215 211)
4(208 210 214 212)
4(210 211 215 214)
4(216 218 219 217)
4(213 217 219 215)
4(212 214 218 216)
4(214 215 219 218)
4(220 222 223 221)
4(217 221 223 219)
4(216 218 222 220)
4(218 219 223 222)
4(224 226 227 225)
4(221 225 227 223)
4(220 222 226 224)
4(222 223 227 226)
4(228 230 231 229)
4(225 229 231 227)
4(224 226 230 228)
4(226 227 231 230)
4(232 234 235 233)
4(229 233 235 231)
4(228 230 234 232)
4(230 231 235 234)
4(236 238 239 237)
4(233 237 239 235)
4(232 234 238 236)
4(234 235 239 238)
4(240 242 243 241)
4(237 241 243 239)
4(236 238 242 240)
4(238 239 243 242)
4(244 246 247 245)
4(241 245 247 243)
4(240 242 246 244)
4(242 243 247 246)
4(248 250 251 249)
4(245 249 251 247)
4(244 246 250 248)
4(246 247 251 250)
4(252 254 255 253)
4(249 253 255 251)
4(248 250 254 252)
4(250 251 255 254)
4(256 258 259 257)
4(253 257 259 255)
4(252 254 258 256)
4(254 255 259 258)
4(260 262 263 261)
4(257 261 263 259)
4(256 258 262 260)
4(258 259 263 262)
4(264 266 267 265)
4(261 265 267 263)
4(260 262 266 264)
4(262 263 267 266)
4(265 269 271 267)
4(264 266 270 268)
4(266 267 271 270)
4(3 7 275 273)
4(5 274 275 7)
4(272 273 275 274)
4(9 11 277 276)
4(7 275 277 11)
4(273 276 277 275)
4(13 15 279 278)
4(11 277 279 15)
4(276 278 279 277)
4(17 19 281 280)
4(15 279 281 19)
4(278 280 281 279)
4(21 23 283 282)
4(19 281 283 23)
4(280 282 283 281)
4(25 27 285 284)
4(23 283 285 27)
4(282 284 285 283)
4(29 31 287 286)
4(27 285 287 31)
4(284 286 287 285)
4(33 35 289 288)
4(31 287 289 35)
4(286 288 289 287)
4(37 39 291 290)
4(35 289 291 39)
4(288 290 291 289)
4(41 43 293 292)
4(39 291 293 43)
4(290 292 293 291)
4(45 47 295 294)
4(43 293 295 47)
4(292 294 295 293)
4(49 51 297 296)
4(47 295 297 51)
4(294 296 297 295)
4(53 55 299 298)
4(51 297 299 55)
4(296 298 299 297)
4(57 59 301 300)
4(55 299 301 59)
4(298 300 301 299)
4(61 63 303 302)
4(59 301 303 63)
4(300 302 303 301)
4(65 67 305 304)
4(63 303 305 67)
4(302 304 305 303)
4(69 71 307 306)
4(67 305 307 71)
4(304 306 307 305)
4(73 75 309 308)
4(71 307 309 75)
4(306 308 309 307)
4(77 79 311 310)
4(75 309 311 79)
4(308 310 311 309)
4(81 83 313 312)
4(79 311 313 83)
4(310 312 313 311)
4(85 87 315 314)
4(83 313 315 87)
4(312 314 315 313)
4(89 91 317 316)
4(87 315 317 91)
4(314 316 317 315)
4(93 95 319 318)
4(91 317 319 95)
4(316 318 319 317)
4(97 99 321 320)
4(95 319 321 99)
4(318 320 321 319)
4(101 103 323 322)
4(99 321 323 103)
4(320 322 323 321)
4(105 107 325 324)
4(103 323 325 107)
4(322 324 325 323)
4(109 111 327 326)
4(107 325 327 111)
4(324 326 327 325)
4(113 115 329 328)
4(111 327 329 115)
4(326 328 329 327)
4(117 119 331 330)
4(115 329 331 119)
4(328 330 331 329)
4(121 123 333 332)
4(119 331 333 123)
4(330 332 333 331)
4(125 127 335 334)
4(123 333 335 127)
4(332 334 335 333)
4(129 131 337 336)
4(127 335 337 131)
4(334 336 337 335)
4(133 135 339 338)
4(131 337 339 135)
4(336 338 339 337)
4(137 139 341 340)
4(135 339 341 139)
4(338 340 341 339)
4(141 143 343 342)
4(139 341 343 143)
4(340 342 343 341)
4(145 147 345 344)
4(143 343 345 147)
4(342 344 345 343)
4(149 151 347 346)
4(147 345 347 151)
4(344 346 347 345)
4(153 155 349 348)
4(151 347 349 155)
4(346 348 349 347)
4(157 159 351 350)
4(155 349 351 159)
4(348 350 351 349)
4(161 163 353 352)
4(159 351 353 163)
4(350 352 353 351)
4(165 167 355 354)
4(163 353 355 167)
4(352 354 355 353)
4(169 171 357 356)
4(167 355 357 171)
4(354 356 357 355)
4(173 175 359 358)
4(171 357 359 175)
4(356 358 359 357)
4(177 179 361 360)
4(175 359 361 179)
4(358 360 361 359)
4(181 183 363 362)
4(179 361 363 183)
4(360 362 363 361)
4(185 187 365 364)
4(183 363 365 187)
4(362 364 365 363)
4(189 191 367 366)
4(187 365 367 191)
4(364 366 367 365)
4(193 195 369 368)
4(191 367 369 195)
4(366 368 369 367)
4(197 199 371 370)
4(195 369 371 199)
4(368 370 371 369)
4(201 203 373 372)
4(199 371 373 203)
4(370 372 373 371)
4(205 207 375 374)
4(203 373 375 207)
4(372 374 375 373)
4(209 211 377 376)
4(207 375 377 211)
4(374 376 377 375)
4(213 215 379 378)
4(211 377 379 215)
4(376 378 379 377)
4(217 219 381 380)
4(215 379 381 219)
4(378 380 381 379)
4(221 223 383 382)
4(219 381 383 223)
4(380 382 383 381)
4(225 227 385 384)
4(223 383 385 227)
4(382 384 385 383)
4(229 231 387 386)
4(227 385 387 231)
4(384 386 387 385)
4(233 235 389 388)
4(231 387 389 235)
4(386 388 389 387)
4(237 239 391 390)
4(235 389 391 239)
4(388 390 391 389)
4(241 243 393 392)
4(239 391 393 243)
4(390 392 393 391)
4(245 247 395 394)
4(243 393 395 247)
4(392 394 395 393)
4(249 251 397 396)
4(247 395 397 251)
4(394 396 397 395)
4(253 255 399 398)
4(251 397 399 255)
4(396 398 399 397)
4(257 259 401 400)
4(255 399 401 259)
4(398 400 401 399)
4(261 263 403 402)
4(259 401 403 263)
4(400 402 403 401)
4(265 267 405 404)
4(263 403 405 267)
4(402 404 405 403)
4(267 405 407 271)
4(404 406 407 405)
4(2 409 411 6)
4(408 410 411 409)
4(4 6 411 410)
4(8 412 413 10)
4(409 411 413 412)
4(6 10 413 411)
4(12 414 415 14)
4(412 413 415 414)
4(10 14 415 413)
4(16 416 417 18)
4(414 415 417 416)
4(14 18 417 415)
4(20 418 419 22)
4(416 417 419 418)
4(18 22 419 417)
4(24 420 421 26)
4(418 419 421 420)
4(22 26 421 419)
4(28 422 423 30)
4(420 421 423 422)
4(26 30 423 421)
4(32 424 425 34)
4(422 423 425 424)
4(30 34 425 423)
4(36 426 427 38)
4(424 425 427 426)
4(34 38 427 425)
4(40 428 429 42)
4(426 427 429 428)
4(38 42 429 427)
4(44 430 431 46)
4(428 429 431 430)
4(42 46 431 429)
4(48 432 433 50)
4(430 431 433 432)
4(46 50 433 431)
4(52 434 435 54)
4(432 433 435 434)
4(50 54 435 433)
4(56 436 437 58)
4(434 435 437 436)
4(54 58 437 435)
4(60 438 439 62)
4(436 437 439 438)
4(58 62 439 437)
4(64 440 441 66)
4(438 439 441 440)
4(62 66 441 439)
4(68 442 443 70)
4(440 441 443 442)
4(66 70 443 441)
4(72 444 445 74)
4(442 443 445 444)
4(70 74 445 443)
4(76 446 447 78)
4(444 445 447 446)
4(74 78 447 445)
4(80 448 449 82)
4(446 447 449 448)
4(78 82 449 447)
4(84 450 451 86)
4(448 449 451 450)
4(82 86 451 449)
4(88 452 453 90)
4(450 451 453 452)
4(86 90 453 451)
4(92 454 455 94)
4(452 453 455 454)
4(90 94 455 453)
4(96 456 457 98)
4(454 455 457 456)
4(94 98 457 455)
4(100 458 459 102)
4(456 457 459 458)
4(98 102 459 457)
4(104 460 461 106)
4(458 459 461 460)
4(102 106 461 459)
4(108 462 463 110)
4(460 461 463 462)
4(106 110 463 461)
4(112 464 465 114)
4(462 463 465 464)
4(110 114 465 463)
4(116 466 467 118)
4(464 465 467 466)
4(114 118 467 465)
4(120 468 469 122)
4(466 467 469 468)
4(118 122 469 467)
4(124 470 471 126)
4(468 469 471 470)
4(122 126 471 469)
4(128 472 473 130)
4(470 471 473 472)
4(126 130 473 471)
4(132 474 475 134)
4(472 473 475 474)
4(130 134 475 473)
4(136 476 477 138)
4(474 475 477 476)
4(134 138 477 475)
4(140 478 479 142)
4(476 477 479 478)
4(138 142 479 477)
4(144 480 481 146)
4(478 479 481 480)
4(142 146 481 479)
4(148 482 483 150)
4(480 481 483 482)
4(146 150 483 481)
4(152 484 485 154)
4(482 483 485 484)
4(150 154 485 483)
4(156 486 487 158)
4(484 485 487 486)
4(154 158 487 485)
4(160 488 489 162)
4(486 487 489 488)
4(158 162 489 487)
4(164 490 491 166)
4(488 489 491 490)
4(162 166 491 489)
4(168 492 493 170)
4(490 491 493 492)
4(166 170 493 491)
4(172 494 495 174)
4(492 493 495 494)
4(170 174 495 493)
4(176 496 497 178)
4(494 495 497 496)
4(174 178 497 495)
4(180 498 499 182)
4(496 497 499 498)
4(178 182 499 497)
4(184 500 501 186)
4(498 499 501 500)
4(182 186 501 499)
4(188 502 503 190)
4(500 501 503 502)
4(186 190 503 501)
4(192 504 505 194)
4(502 503 505 504)
4(190 194 505 503)
4(196 506 507 198)
4(504 505 507 506)
4(194 198 507 505)
4(200 508 509 202)
4(506 507 509 508)
4(198 202 509 507)
4(204 510 511 206)
4(508 509 511 510)
4(202 206 511 509)
4(208 512 513 210)
4(510 511 513 512)
4(206 210 513 511)
4(212 514 515 214)
4(512 513 515 514)
4(210 214 515 513)
4(216 516 517 218)
4(514 515 517 516)
4(214 218 517 515)
4(220 518 519 222)
4(516 517 519 518)
4(218 222 519 517)
4(224 520 521 226)
4(518 519 521 520)
4(222 226 521 519)
4(228 522 523 230)
4(520 521 523 522)
4(226 230 523 521)
4(232 524 525 234)
4(522 523 525 524)
4(230 234 525 523)
4(236 526 527 238)
4(524 525 527 526)
4(234 238 527 525)
4(240 528 529 242)
4(526 527 529 528)
4(238 242 529 527)
4(244 530 531 246)
4(528 529 531 530)
4(242 246 531 529)
4(248 532 533 250)
4(530 531 533 532)
4(246 250 533 531)
4(252 534 535 254)
4(532 533 535 534)
4(250 254 535 533)
4(256 536 537 258)
4(534 535 537 536)
4(254 258 537 535)
4(260 538 539 262)
4(536 537 539 538)
4(258 262 539 537)
4(264 540 541 266)
4(538 539 541 540)
4(262 266 541 539)
4(540 541 543 542)
4(266 270 543 541)
4(409 545 547 411)
4(410 411 547 546)
4(544 546 547 545)
4(412 548 549 413)
4(411 413 549 547)
4(545 547 549 548)
4(414 550 551 415)
4(413 415 551 549)
4(548 549 551 550)
4(416 552 553 417)
4(415 417 553 551)
4(550 551 553 552)
4(418 554 555 419)
4(417 419 555 553)
4(552 553 555 554)
4(420 556 557 421)
4(419 421 557 555)
4(554 555 557 556)
4(422 558 559 423)
4(421 423 559 557)
4(556 557 559 558)
4(424 560 561 425)
4(423 425 561 559)
4(558 559 561 560)
4(426 562 563 427)
4(425 427 563 561)
4(560 561 563 562)
4(428 564 565 429)
4(427 429 565 563)
4(562 563 565 564)
4(430 566 567 431)
4(429 431 567 565)
4(564 565 567 566)
4(432 568 569 433)
4(431 433 569 567)
4(566 567 569 568)
4(434 570 571 435)
4(433 435 571 569)
4(568 569 571 570)
4(436 572 573 437)
4(435 437 573 571)
4(570 571 573 572)
4(438 574 575 439)
4(437 439 575 573)
4(572 573 575 574)
4(440 576 577 441)
4(439 441 577 575)
4(574 575 577 576)
4(442 578 579 443)
4(441 443 579 577)
4(576 577 579 578)
4(444 580 581 445)
4(443 445 581 579)
4(578 579 581 580)
4(446 582 583 447)
4(445 447 583 581)
4(580 581 583 582)
4(448 584 585 449)
4(447 449 585 583)
4(582 583 585 584)
4(450 586 587 451)
4(449 451 587 585)
4(584 585 587 586)
4(452 588 589 453)
4(451 453 589 587)
4(586 587 589 588)
4(454 590 591 455)
4(453 455 591 589)
4(588 589 591 590)
4(456 592 593 457)
4(455 457 593 591)
4(590 591 593 592)
4(458 594 595 459)
4(457 459 595 593)
4(592 593 595 594)
4(460 596 597 461)
4(459 461 597 595)
4(594 595 597 596)
4(462 598 599 463)
4(461 463 599 597)
4(596 597 599 598)
4(464 600 601 465)
4(463 465 601 599)
4(598 599 601 600)
4(466 602 603 467)
4(465 467 603 601)
4(600 601 603 602)
4(468 604 605 469)
4(467 469 605 603)
4(602 603 605 604)
4(470 606 607 471)
4(469 471 607 605)
4(604 605 607 606)
4(472 608 609 473)
4(471 473 609 607)
4(606 607 609 608)
4(474 610 611 475)
4(473 475 611 609)
4(608 609 611 610)
4(476 612 613 477)
4(475 477 613 611)
4(610 611 613 612)
4(478 614 615 479)
4(477 479 615 613)
4(612 613 615 614)
4(480 616 617 481)
4(479 481 617 615)
4(614 615 617 616)
4(482 618 619 483)
4(481 483 619 617)
4(616 617 619 618)
4(484 620 621 485)
4(483 485 621 619)
4(618 619 621 620)
4(486 622 623 487)
4(485 487 623 621)
4(620 621 623 622)
4(488 624 625 489)
4(487 489 625 623)
4(622 623 625 624)
4(490 626 627 491)
4(489 491 627 625)
4(624 625 627 626)
4(492 628 629 493)
4(491 493 629 627)
4(626 627 629 628)
4(494 630 631 495)
4(493 495 631 629)
4(628 629 631 630)
4(496 632 633 497)
4(495 497 633 631)
4(630 631 633 632)
4(498 634 635 499)
4(497 499 635 633)
4(632 633 635 634)
4(500 636 637 501)
4(499 501 637 635)
4(634 635 637 636)
4(502 638 639 503)
4(501 503 639 637)
4(636 637 639 638)
4(504 640 641 505)
4(503 505 641 639)
4(638 639 641 640)
4(506 642 643 507)
4(505 507 643 641)
4(640 641 643 642)
4(508 644 645 509)
4(507 509 645 643)
4(642 643 645 644)
4(510 646 647 511)
4(509 511 647 645)
4(644 645 647 646)
4(512 648 649 513)
4(511 513 649 647)
4(646 647 649 648)
4(514 650 651 515)
4(513 515 651 649)
4(648 649 651 650)
4(516 652 653 517)
4(515 517 653 651)
4(650 651 653 652)
4(518 654 655 519)
4(517 519 655 653)
4(652 653 655 654)
4(520 656 657 521)
4(519 521 657 655)
4(654 655 657 656)
4(522 658 659 523)
4(521 523 659 657)
4(656 657 659 658)
4(524 660 661 525)
4(523 525 661 659)
4(658 659 661 660)
4(526 662 663 527)
4(525 527 663 661)
4(660 661 663 662)
4(528 664 665 529)
4(527 529 665 663)
4(662 663 665 664)
4(530 666 667 531)
4(529 531 667 665)
4(664 665 667 666)
4(532 668 669 533)
4(531 533 669 667)
4(666 667 669 668)
4(534 670 671 535)
4(533 535 671 669)
4(668 669 671 670)
4(536 672 673 537)
4(535 537 673 671)
4(670 671 673 672)
4(538 674 675 539)
4(537 539 675 673)
4(672 673 675 674)
4(540 676 677 541)
4(539 541 677 675)
4(674 675 677 676)
4(541 543 679 677)
4(676 677 679 678)
4(6 411 681 7)
4(5 7 681 680)
4(410 680 681 411)
4(10 413 682 11)
4(7 11 682 681)
4(411 681 682 413)
4(14 415 683 15)
4(11 15 683 682)
4(413 682 683 415)
4(18 417 684 19)
4(15 19 684 683)
4(415 683 684 417)
4(22 419 685 23)
4(19 23 685 684)
4(417 684 685 419)
4(26 421 686 27)
4(23 27 686 685)
4(419 685 686 421)
4(30 423 687 31)
4(27 31 687 686)
4(421 686 687 423)
4(34 425 688 35)
4(31 35 688 687)
4(423 687 688 425)
4(38 427 689 39)
4(35 39 689 688)
4(425 688 689 427)
4(42 429 690 43)
4(39 43 690 689)
4(427 689 690 429)
4(46 431 691 47)
4(43 47 691 690)
4(429 690 691 431)
4(50 433 692 51)
4(47 51 692 691)
4(431 691 692 433)
4(54 435 693 55)
4(51 55 693 692)
4(433 692 693 435)
4(58 437 694 59)
4(55 59 694 693)
4(435 693 694 437)
4(62 439 695 63)
4(59 63 695 694)
4(437 694 695 439)
4(66 441 696 67)
4(63 67 696 695)
4(439 695 696 441)
4(70 443 697 71)
4(67 71 697 696)
4(441 696 697 443)
4(74 445 698 75)
4(71 75 698 697)
4(443 697 698 445)
4(78 447 699 79)
4(75 79 699 698)
4(445 698 699 447)
4(82 449 700 83)
4(79 83 700 699)
4(447 699 700 449)
4(86 451 701 87)
4(83 87 701 700)
4(449 700 701 451)
4(90 453 702 91)
4(87 91 702 701)
4(451 701 702 453)
4(94 455 703 95)
4(91 95 703 702)
4(453 702 703 455)
4(98 457 704 99)
4(95 99 704 703)
4(455 703 704 457)
4(102 459 705 103)
4(99 103 705 704)
4(457 704 705 459)
4(106 461 706 107)
4(103 107 706 705)
4(459 705 706 461)
4(110 463 707 111)
4(107 111 707 706)
4(461 706 707 463)
4(114 465 708 115)
4(111 115 708 707)
4(463 707 708 465)
4(118 467 709 119)
4(115 119 709 708)
4(465 708 709 467)
4(122 469 710 123)
4(119 123 710 709)
4(467 709 710 469)
4(126 471 711 127)
4(123 127 711 710)
4(469 710 711 471)
4(130 473 712 131)
4(127 131 712 711)
4(471 711 712 473)
4(134 475 713 135)
4(131 135 713 712)
4(473 712 713 475)
4(138 477 714 139)
4(135 139 714 713)
4(475 713 714 477)
4(142 479 715 143)
4(139 143 715 714)
4(477 714 715 479)
4(146 481 716 147)
4(143 147 716 715)
4(479 715 716 481)
4(150 483 717 151)
4(147 151 717 716)
4(481 716 717 483)
4(154 485 718 155)
4(151 155 718 717)
4(483 717 718 485)
4(158 487 719 159)
4(155 159 719 718)
4(485 718 719 487)
4(162 489 720 163)
4(159 163 720 719)
4(487 719 720 489)
4(166 491 721 167)
4(163 167 721 720)
4(489 720 721 491)
4(170 493 722 171)
4(167 171 722 721)
4(491 721 722 493)
4(174 495 723 175)
4(171 175 723 722)
4(493 722 723 495)
4(178 497 724 179)
4(175 179 724 723)
4(495 723 724 497)
4(182 499 725 183)
4(179 183 725 724)
4(497 724 725 499)
4(186 501 726 187)
4(183 187 726 725)
4(499 725 726 501)
4(190 503 727 191)
4(187 191 727 726)
4(501 726 727 503)
4(194 505 728 195)
4(191 195 728 727)
4(503 727 728 505)
4(198 507 729 199)
4(195 199 729 728)
4(505 728 729 507)
4(202 509 730 203)
4(199 203 730 729)
4(507 729 730 509)
4(206 511 731 207)
4(203 207 731 730)
4(509 730 731 511)
4(210 513 732 211)
4(207 211 732 731)
4(511 731 732 513)
4(214 515 733 215)
4(211 215 733 732)
4(513 732 733 515)
4(218 517 734 219)
4(215 219 734 733)
4(515 733 734 517)
4(222 519 735 223)
4(219 223 735 734)
4(517 734 735 519)
4(226 521 736 227)
4(223 227 736 735)
4(519 735 736 521)
4(230 523 737 231)
4(227 231 737 736)
4(521 736 737 523)
4(234 525 738 235)
4(231 235 738 737)
4(523 737 738 525)
4(238 527 739 239)
4(235 239 739 738)
4(525 738 739 527)
4(242 529 740 243)
4(239 243 740 739)
4(527 739 740 529)
4(246 531 741 247)
4(243 247 741 740)
4(529 740 741 531)
4(250 533 742 251)
4(247 251 742 741)
4(531 741 742 533)
4(254 535 743 255)
4(251 255 743 742)
4(533 742 743 535)
4(258 537 744 259)
4(255 259 744 743)
4(535 743 744 537)
4(262 539 745 263)
4(259 263 745 744)
4(537 744 745 539)
4(266 541 746 267)
4(263 267 746 745)
4(539 745 746 541)
4(267 271 747 746)
4(541 746 747 543)
4(7 681 749 275)
4(680 748 749 681)
4(274 275 749 748)
4(11 682 750 277)
4(681 749 750 682)
4(275 277 750 749)
4(15 683 751 279)
4(682 750 751 683)
4(277 279 751 750)
4(19 684 752 281)
4(683 751 752 684)
4(279 281 752 751)
4(23 685 753 283)
4(684 752 753 685)
4(281 283 753 752)
4(27 686 754 285)
4(685 753 754 686)
4(283 285 754 753)
4(31 687 755 287)
4(686 754 755 687)
4(285 287 755 754)
4(35 688 756 289)
4(687 755 756 688)
4(287 289 756 755)
4(39 689 757 291)
4(688 756 757 689)
4(289 291 757 756)
4(43 690 758 293)
4(689 757 758 690)
4(291 293 758 757)
4(47 691 759 295)
4(690 758 759 691)
4(293 295 759 758)
4(51 692 760 297)
4(691 759 760 692)
4(295 297 760 759)
4(55 693 761 299)
4(692 760 761 693)
4(297 299 761 760)
4(59 694 762 301)
4(693 761 762 694)
4(299 301 762 761)
4(63 695 763 303)
4(694 762 763 695)
4(301 303 763 762)
4(67 696 764 305)
4(695 763 764 696)
4(303 305 764 763)
4(71 697 765 307)
4(696 764 765 697)
4(305 307 765 764)
4(75 698 766 309)
4(697 765 766 698)
4(307 309 766 765)
4(79 699 767 311)
4(698 766 767 699)
4(309 311 767 766)
4(83 700 768 313)
4(699 767 768 700)
4(311 313 768 767)
4(87 701 769 315)
4(700 768 769 701)
4(313 315 769 768)
4(91 702 770 317)
4(701 769 770 702)
4(315 317 770 769)
4(95 703 771 319)
4(702 770 771 703)
4(317 319 771 770)
4(99 704 772 321)
4(703 771 772 704)
4(319 321 772 771)
4(103 705 773 323)
4(704 772 773 705)
4(321 323 773 772)
4(107 706 774 325)
4(705 773 774 706)
4(323 325 774 773)
4(111 707 775 327)
4(706 774 775 707)
4(325 327 775 774)
4(115 708 776 329)
4(707 775 776 708)
4(327 329 776 775)
4(119 709 777 331)
4(708 776 777 709)
4(329 331 777 776)
4(123 710 778 333)
4(709 777 778 710)
4(331 333 778 777)
4(127 711 779 335)
4(710 778 779 711)
4(333 335 779 778)
4(131 712 780 337)
4(711 779 780 712)
4(335 337 780 779)
4(135 713 781 339)
4(712 780 781 713)
4(337 339 781 780)
4(139 714 782 341)
4(713 781 782 714)
4(339 341 782 781)
4(143 715 783 343)
4(714 782 783 715)
4(341 343 783 782)
4(147 716 784 345)
4(715 783 784 716)
4(343 345 784 783)
4(151 717 785 347)
4(716 784 785 717)
4(345 347 785 784)
4(155 718 786 349)
4(717 785 786 718)
4(347 349 786 785)
4(159 719 787 351)
4(718 786 787 719)
4(349 351 787 786)
4(163 720 788 353)
4(719 787 788 720)
4(351 353 788 787)
4(167 721 789 355)
4(720 788 789 721)
4(353 355 789 788)
4(171 722 790 357)
4(721 789 790 722)
4(355 357 790 789)
4(175 723 791 359)
4(722 790 791 723)
4(357 359 791 790)
4(179 724 792 361)
4(723 791 792 724)
4(359 361 792 791)
4(183 725 793 363)
4(724 792 793 725)
4(361 363 793 792)
4(187 726 794 365)
4(725 793 794 726)
4(363 365 794 793)
4(191 727 795 367)
4(726 794 795 727)
4(365 367 795 794)
4(195 728 796 369)
4(727 795 796 728)
4(367 369 796 795)
4(199 729 797 371)
4(728 796 797 729)
4(369 371 797 796)
4(203 730 798 373)
4(729 797 798 730)
4(371 373 798 797)
4(207 731 799 375)
4(730 798 799 731)
4(373 375 799 798)
4(211 732 800 377)
4(731 799 800 732)
4(375 377 800 799)
4(215 733 801 379)
4(732 800 801 733)
4(377 379 801 800)
4(219 734 802 381)
4(733 801 802 734)
4(379 381 802 801)
4(223 735 803 383)
4(734 802 803 735)
4(381 383 803 802)
4(227 736 804 385)
4(735 803 804 736)
4(383 385 804 803)
4(231 737 805 387)
4(736 804 805 737)
4(385 387 805 804)
4(235 738 806 389)
4(737 805 806 738)
4(387 389 806 805)
4(239 739 807 391)
4(738 806 807 739)
4(389 391 807 806)
4(243 740 808 393)
4(739 807 808 740)
4(391 393 808 807)
4(247 741 809 395)
4(740 808 809 741)
4(393 395 809 808)
4(251 742 810 397)
4(741 809 810 742)
4(395 397 810 809)
4(255 743 811 399)
4(742 810 811 743)
4(397 399 811 810)
4(259 744 812 401)
4(743 811 812 744)
4(399 401 812 811)
4(263 745 813 403)
4(744 812 813 745)
4(401 403 813 812)
4(267 746 814 405)
4(745 813 814 746)
4(403 405 814 813)
4(746 814 815 747)
4(405 407 815 814)
4(547 817 681 411)
4(816 680 681 817)
4(546 816 817 547)
4(549 818 682 413)
4(817 681 682 818)
4(547 817 818 549)
4(551 819 683 415)
4(818 682 683 819)
4(549 818 819 551)
4(553 820 684 417)
4(819 683 684 820)
4(551 819 820 553)
4(555 821 685 419)
4(820 684 685 821)
4(553 820 821 555)
4(557 822 686 421)
4(821 685 686 822)
4(555 821 822 557)
4(559 823 687 423)
4(822 686 687 823)
4(557 822 823 559)
4(561 824 688 425)
4(823 687 688 824)
4(559 823 824 561)
4(563 825 689 427)
4(824 688 689 825)
4(561 824 825 563)
4(565 826 690 429)
4(825 689 690 826)
4(563 825 826 565)
4(567 827 691 431)
4(826 690 691 827)
4(565 826 827 567)
4(569 828 692 433)
4(827 691 692 828)
4(567 827 828 569)
4(571 829 693 435)
4(828 692 693 829)
4(569 828 829 571)
4(573 830 694 437)
4(829 693 694 830)
4(571 829 830 573)
4(575 831 695 439)
4(830 694 695 831)
4(573 830 831 575)
4(577 832 696 441)
4(831 695 696 832)
4(575 831 832 577)
4(579 833 697 443)
4(832 696 697 833)
4(577 832 833 579)
4(581 834 698 445)
4(833 697 698 834)
4(579 833 834 581)
4(583 835 699 447)
4(834 698 699 835)
4(581 834 835 583)
4(585 836 700 449)
4(835 699 700 836)
4(583 835 836 585)
4(587 837 701 451)
4(836 700 701 837)
4(585 836 837 587)
4(589 838 702 453)
4(837 701 702 838)
4(587 837 838 589)
4(591 839 703 455)
4(838 702 703 839)
4(589 838 839 591)
4(593 840 704 457)
4(839 703 704 840)
4(591 839 840 593)
4(595 841 705 459)
4(840 704 705 841)
4(593 840 841 595)
4(597 842 706 461)
4(841 705 706 842)
4(595 841 842 597)
4(599 843 707 463)
4(842 706 707 843)
4(597 842 843 599)
4(601 844 708 465)
4(843 707 708 844)
4(599 843 844 601)
4(603 845 709 467)
4(844 708 709 845)
4(601 844 845 603)
4(605 846 710 469)
4(845 709 710 846)
4(603 845 846 605)
4(607 847 711 471)
4(846 710 711 847)
4(605 846 847 607)
4(609 848 712 473)
4(847 711 712 848)
4(607 847 848 609)
4(611 849 713 475)
4(848 712 713 849)
4(609 848 849 611)
4(613 850 714 477)
4(849 713 714 850)
4(611 849 850 613)
4(615 851 715 479)
4(850 714 715 851)
4(613 850 851 615)
4(617 852 716 481)
4(851 715 716 852)
4(615 851 852 617)
4(619 853 717 483)
4(852 716 717 853)
4(617 852 853 619)
4(621 854 718 485)
4(853 717 718 854)
4(619 853 854 621)
4(623 855 719 487)
4(854 718 719 855)
4(621 854 855 623)
4(625 856 720 489)
4(855 719 720 856)
4(623 855 856 625)
4(627 857 721 491)
4(856 720 721 857)
4(625 856 857 627)
4(629 858 722 493)
4(857 721 722 858)
4(627 857 858 629)
4(631 859 723 495)
4(858 722 723 859)
4(629 858 859 631)
4(633 860 724 497)
4(859 723 724 860)
4(631 859 860 633)
4(635 861 725 499)
4(860 724 725 861)
4(633 860 861 635)
4(637 862 726 501)
4(861 725 726 862)
4(635 861 862 637)
4(639 863 727 503)
4(862 726 727 863)
4(637 862 863 639)
4(641 864 728 505)
4(863 727 728 864)
4(639 863 864 641)
4(643 865 729 507)
4(864 728 729 865)
4(641 864 865 643)
4(645 866 730 509)
4(865 729 730 866)
4(643 865 866 645)
4(647 867 731 511)
4(866 730 731 867)
4(645 866 867 647)
4(649 868 732 513)
4(867 731 732 868)
4(647 867 868 649)
4(651 869 733 515)
4(868 732 733 869)
4(649 868 869 651)
4(653 870 734 517)
4(869 733 734 870)
4(651 869 870 653)
4(655 871 735 519)
4(870 734 735 871)
4(653 870 871 655)
4(657 872 736 521)
4(871 735 736 872)
4(655 871 872 657)
4(659 873 737 523)
4(872 736 737 873)
4(657 872 873 659)
4(661 874 738 525)
4(873 737 738 874)
4(659 873 874 661)
4(663 875 739 527)
4(874 738 739 875)
4(661 874 875 663)
4(665 876 740 529)
4(875 739 740 876)
4(663 875 876 665)
4(667 877 741 531)
4(876 740 741 877)
4(665 876 877 667)
4(669 878 742 533)
4(877 741 742 878)
4(667 877 878 669)
4(671 879 743 535)
4(878 742 743 879)
4(669 878 879 671)
4(673 880 744 537)
4(879 743 744 880)
4(671 879 880 673)
4(675 881 745 539)
4(880 744 745 881)
4(673 880 881 675)
4(677 882 746 541)
4(881 745 746 882)
4(675 881 882 677)
4(882 746 747 883)
4(677 882 883 679)
4(681 817 885 749)
4(748 749 885 884)
4(816 884 885 817)
4(682 818 886 750)
4(749 750 886 885)
4(817 885 886 818)
4(683 819 887 751)
4(750 751 887 886)
4(818 886 887 819)
4(684 820 888 752)
4(751 752 888 887)
4(819 887 888 820)
4(685 821 889 753)
4(752 753 889 888)
4(820 888 889 821)
4(686 822 890 754)
4(753 754 890 889)
4(821 889 890 822)
4(687 823 891 755)
4(754 755 891 890)
4(822 890 891 823)
4(688 824 892 756)
4(755 756 892 891)
4(823 891 892 824)
4(689 825 893 757)
4(756 757 893 892)
4(824 892 893 825)
4(690 826 894 758)
4(757 758 894 893)
4(825 893 894 826)
4(691 827 895 759)
4(758 759 895 894)
4(826 894 895 827)
4(692 828 896 760)
4(759 760 896 895)
4(827 895 896 828)
4(693 829 897 761)
4(760 761 897 896)
4(828 896 897 829)
4(694 830 898 762)
4(761 762 898 897)
4(829 897 898 830)
4(695 831 899 763)
4(762 763 899 898)
4(830 898 899 831)
4(696 832 900 764)
4(763 764 900 899)
4(831 899 900 832)
4(697 833 901 765)
4(764 765 901 900)
4(832 900 901 833)
4(698 834 902 766)
4(765 766 902 901)
4(833 901 902 834)
4(699 835 903 767)
4(766 767 903 902)
4(834 902 903 835)
4(700 836 904 768)
4(767 768 904 903)
4(835 903 904 836)
4(701 837 905 769)
4(768 769 905 904)
4(836 904 905 837)
4(702 838 906 770)
4(769 770 906 905)
4(837 905 906 838)
4(703 839 907 771)
4(770 771 907 906)
4(838 906 907 839)
4(704 840 908 772)
4(771 772 908 907)
4(839 907 908 840)
4(705 841 909 773)
4(772 773 909 908)
4(840 908 909 841)
4(706 842 910 774)
4(773 774 910 909)
4(841 909 910 842)
4(707 843 911 775)
4(774 775 911 910)
4(842 910 911 843)
4(708 844 912 776)
4(775 776 912 911)
4(843 911 912 844)
4(709 845 913 777)
4(776 777 913 912)
4(844 912 913 845)
4(710 846 914 778)
4(777 778 914 913)
4(845 913 914 846)
4(711 847 915 779)
4(778 779 915 914)
4(846 914 915 847)
4(712 848 916 780)
4(779 780 916 915)
4(847 915 916 848)
4(713 849 917 781)
4(780 781 917 916)
4(848 916 917 849)
4(714 850 918 782)
4(781 782 918 917)
4(849 917 918 850)
4(715 851 919 783)
4(782 783 919 918)
4(850 918 919 851)
4(716 852 920 784)
4(783 784 920 919)
4(851 919 920 852)
4(717 853 921 785)
4(784 785 921 920)
4(852 920 921 853)
4(718 854 922 786)
4(785 786 922 921)
4(853 921 922 854)
4(719 855 923 787)
4(786 787 923 922)
4(854 922 923 855)
4(720 856 924 788)
4(787 788 924 923)
4(855 923 924 856)
4(721 857 925 789)
4(788 789 925 924)
4(856 924 925 857)
4(722 858 926 790)
4(789 790 926 925)
4(857 925 926 858)
4(723 859 927 791)
4(790 791 927 926)
4(858 926 927 859)
4(724 860 928 792)
4(791 792 928 927)
4(859 927 928 860)
4(725 861 929 793)
4(792 793 929 928)
4(860 928 929 861)
4(726 862 930 794)
4(793 794 930 929)
4(861 929 930 862)
4(727 863 931 795)
4(794 795 931 930)
4(862 930 931 863)
4(728 864 932 796)
4(795 796 932 931)
4(863 931 932 864)
4(729 865 933 797)
4(796 797 933 932)
4(864 932 933 865)
4(730 866 934 798)
4(797 798 934 933)
4(865 933 934 866)
4(731 867 935 799)
4(798 799 935 934)
4(866 934 935 867)
4(732 868 936 800)
4(799 800 936 935)
4(867 935 936 868)
4(733 869 937 801)
4(800 801 937 936)
4(868 936 937 869)
4(734 870 938 802)
4(801 802 938 937)
4(869 937 938 870)
4(735 871 939 803)
4(802 803 939 938)
4(870 938 939 871)
4(736 872 940 804)
4(803 804 940 939)
4(871 939 940 872)
4(737 873 941 805)
4(804 805 941 940)
4(872 940 941 873)
4(738 874 942 806)
4(805 806 942 941)
4(873 941 942 874)
4(739 875 943 807)
4(806 807 943 942)
4(874 942 943 875)
4(740 876 944 808)
4(807 808 944 943)
4(875 943 944 876)
4(741 877 945 809)
4(808 809 945 944)
4(876 944 945 877)
4(742 878 946 810)
4(809 810 946 945)
4(877 945 946 878)
4(743 879 947 811)
4(810 811 947 946)
4(878 946 947 879)
4(744 880 948 812)
4(811 812 948 947)
4(879 947 948 880)
4(745 881 949 813)
4(812 813 949 948)
4(880 948 949 881)
4(746 882 950 814)
4(813 814 950 949)
4(881 949 950 882)
4(814 815 951 950)
4(882 950 951 883)
4(273 275 749 953)
4(952 953 749 748)
4(276 277 750 954)
4(953 954 750 749)
4(278 279 751 955)
4(954 955 751 750)
4(280 281 752 956)
4(955 956 752 751)
4(282 283 753 957)
4(956 957 753 752)
4(284 285 754 958)
4(957 958 754 753)
4(286 287 755 959)
4(958 959 755 754)
4(288 289 756 960)
4(959 960 756 755)
4(290 291 757 961)
4(960 961 757 756)
4(292 293 758 962)
4(961 962 758 757)
4(294 295 759 963)
4(962 963 759 758)
4(296 297 760 964)
4(963 964 760 759)
4(298 299 761 965)
4(964 965 761 760)
4(300 301 762 966)
4(965 966 762 761)
4(302 303 763 967)
4(966 967 763 762)
4(304 305 764 968)
4(967 968 764 763)
4(306 307 765 969)
4(968 969 765 764)
4(308 309 766 970)
4(969 970 766 765)
4(310 311 767 971)
4(970 971 767 766)
4(312 313 768 972)
4(971 972 768 767)
4(314 315 769 973)
4(972 973 769 768)
4(316 317 770 974)
4(973 974 770 769)
4(318 319 771 975)
4(974 975 771 770)
4(320 321 772 976)
4(975 976 772 771)
4(322 323 773 977)
4(976 977 773 772)
4(324 325 774 978)
4(977 978 774 773)
4(326 327 775 979)
4(978 979 775 774)
4(328 329 776 980)
4(979 980 776 775)
4(330 331 777 981)
4(980 981 777 776)
4(332 333 778 982)
4(981 982 778 777)
4(334 335 779 983)
4(982 983 779 778)
4(336 337 780 984)
4(983 984 780 779)
4(338 339 781 985)
4(984 985 781 780)
4(340 341 782 986)
4(985 986 782 781)
4(342 343 783 987)
4(986 987 783 782)
4(344 345 784 988)
4(987 988 784 783)
4(346 347 785 989)
4(988 989 785 784)
4(348 349 786 990)
4(989 990 786 785)
4(350 351 787 991)
4(990 991 787 786)
4(352 353 788 992)
4(991 992 788 787)
4(354 355 789 993)
4(992 993 789 788)
4(356 357 790 994)
4(993 994 790 789)
4(358 359 791 995)
4(994 995 791 790)
4(360 361 792 996)
4(995 996 792 791)
4(362 363 793 997)
4(996 997 793 792)
4(364 365 794 998)
4(997 998 794 793)
4(366 367 795 999)
4(998 999 795 794)
4(368 369 796 1000)
4(999 1000 796 795)
4(370 371 797 1001)
4(1000 1001 797 796)
4(372 373 798 1002)
4(1001 1002 798 797)
4(374 375 799 1003)
4(1002 1003 799 798)
4(376 377 800 1004)
4(1003 1004 800 799)
4(378 379 801 1005)
4(1004 1005 801 800)
4(380 381 802 1006)
4(1005 1006 802 801)
4(382 383 803 1007)
4(1006 1007 803 802)
4(384 385 804 1008)
4(1007 1008 804 803)
4(386 387 805 1009)
4(1008 1009 805 804)
4(388 389 806 1010)
4(1009 1010 806 805)
4(390 391 807 1011)
4(1010 1011 807 806)
4(392 393 808 1012)
4(1011 1012 808 807)
4(394 395 809 1013)
4(1012 1013 809 808)
4(396 397 810 1014)
4(1013 1014 810 809)
4(398 399 811 1015)
4(1014 1015 811 810)
4(400 401 812 1016)
4(1015 1016 812 811)
4(402 403 813 1017)
4(1016 1017 813 812)
4(404 405 814 1018)
4(1017 1018 814 813)
4(1018 1019 815 814)
4(749 885 1021 953)
4(884 1020 1021 885)
4(750 886 1022 954)
4(885 1021 1022 886)
4(751 887 1023 955)
4(886 1022 1023 887)
4(752 888 1024 956)
4(887 1023 1024 888)
4(753 889 1025 957)
4(888 1024 1025 889)
4(754 890 1026 958)
4(889 1025 1026 890)
4(755 891 1027 959)
4(890 1026 1027 891)
4(756 892 1028 960)
4(891 1027 1028 892)
4(757 893 1029 961)
4(892 1028 1029 893)
4(758 894 1030 962)
4(893 1029 1030 894)
4(759 895 1031 963)
4(894 1030 1031 895)
4(760 896 1032 964)
4(895 1031 1032 896)
4(761 897 1033 965)
4(896 1032 1033 897)
4(762 898 1034 966)
4(897 1033 1034 898)
4(763 899 1035 967)
4(898 1034 1035 899)
4(764 900 1036 968)
4(899 1035 1036 900)
4(765 901 1037 969)
4(900 1036 1037 901)
4(766 902 1038 970)
4(901 1037 1038 902)
4(767 903 1039 971)
4(902 1038 1039 903)
4(768 904 1040 972)
4(903 1039 1040 904)
4(769 905 1041 973)
4(904 1040 1041 905)
4(770 906 1042 974)
4(905 1041 1042 906)
4(771 907 1043 975)
4(906 1042 1043 907)
4(772 908 1044 976)
4(907 1043 1044 908)
4(773 909 1045 977)
4(908 1044 1045 909)
4(774 910 1046 978)
4(909 1045 1046 910)
4(775 911 1047 979)
4(910 1046 1047 911)
4(776 912 1048 980)
4(911 1047 1048 912)
4(777 913 1049 981)
4(912 1048 1049 913)
4(778 914 1050 982)
4(913 1049 1050 914)
4(779 915 1051 983)
4(914 1050 1051 915)
4(780 916 1052 984)
4(915 1051 1052 916)
4(781 917 1053 985)
4(916 1052 1053 917)
4(782 918 1054 986)
4(917 1053 1054 918)
4(783 919 1055 987)
4(918 1054 1055 919)
4(784 920 1056 988)
4(919 1055 1056 920)
4(785 921 1057 989)
4(920 1056 1057 921)
4(786 922 1058 990)
4(921 1057 1058 922)
4(787 923 1059 991)
4(922 1058 1059 923)
4(788 924 1060 992)
4(923 1059 1060 924)
4(789 925 1061 993)
4(924 1060 1061 925)
4(790 926 1062 994)
4(925 1061 1062 926)
4(791 927 1063 995)
4(926 1062 1063 927)
4(792 928 1064 996)
4(927 1063 1064 928)
4(793 929 1065 997)
4(928 1064 1065 929)
4(794 930 1066 998)
4(929 1065 1066 930)
4(795 931 1067 999)
4(930 1066 1067 931)
4(796 932 1068 1000)
4(931 1067 1068 932)
4(797 933 1069 1001)
4(932 1068 1069 933)
4(798 934 1070 1002)
4(933 1069 1070 934)
4(799 935 1071 1003)
4(934 1070 1071 935)
4(800 936 1072 1004)
4(935 1071 1072 936)
4(801 937 1073 1005)
4(936 1072 1073 937)
4(802 938 1074 1006)
4(937 1073 1074 938)
4(803 939 1075 1007)
4(938 1074 1075 939)
4(804 940 1076 1008)
4(939 1075 1076 940)
4(805 941 1077 1009)
4(940 1076 1077 941)
4(806 942 1078 1010)
4(941 1077 1078 942)
4(807 943 1079 1011)
4(942 1078 1079 943)
4(808 944 1080 1012)
4(943 1079 1080 944)
4(809 945 1081 1013)
4(944 1080 1081 945)
4(810 946 1082 1014)
4(945 1081 1082 946)
4(811 947 1083 1015)
4(946 1082 1083 947)
4(812 948 1084 1016)
4(947 1083 1084 948)
4(813 949 1085 1017)
4(948 1084 1085 949)
4(814 950 1086 1018)
4(949 1085 1086 950)
4(950 1086 1087 951)
4(545 1089 817 547)
4(1088 816 817 1089)
4(548 1090 818 549)
4(1089 817 818 1090)
4(550 1091 819 551)
4(1090 818 819 1091)
4(552 1092 820 553)
4(1091 819 820 1092)
4(554 1093 821 555)
4(1092 820 821 1093)
4(556 1094 822 557)
4(1093 821 822 1094)
4(558 1095 823 559)
4(1094 822 823 1095)
4(560 1096 824 561)
4(1095 823 824 1096)
4(562 1097 825 563)
4(1096 824 825 1097)
4(564 1098 826 565)
4(1097 825 826 1098)
4(566 1099 827 567)
4(1098 826 827 1099)
4(568 1100 828 569)
4(1099 827 828 1100)
4(570 1101 829 571)
4(1100 828 829 1101)
4(572 1102 830 573)
4(1101 829 830 1102)
4(574 1103 831 575)
4(1102 830 831 1103)
4(576 1104 832 577)
4(1103 831 832 1104)
4(578 1105 833 579)
4(1104 832 833 1105)
4(580 1106 834 581)
4(1105 833 834 1106)
4(582 1107 835 583)
4(1106 834 835 1107)
4(584 1108 836 585)
4(1107 835 836 1108)
4(586 1109 837 587)
4(1108 836 837 1109)
4(588 1110 838 589)
4(1109 837 838 1110)
4(590 1111 839 591)
4(1110 838 839 1111)
4(592 1112 840 593)
4(1111 839 840 1112)
4(594 1113 841 595)
4(1112 840 841 1113)
4(596 1114 842 597)
4(1113 841 842 1114)
4(598 1115 843 599)
4(1114 842 843 1115)
4(600 1116 844 601)
4(1115 843 844 1116)
4(602 1117 845 603)
4(1116 844 845 1117)
4(604 1118 846 605)
4(1117 845 846 1118)
4(606 1119 847 607)
4(1118 846 847 1119)
4(608 1120 848 609)
4(1119 847 848 1120)
4(610 1121 849 611)
4(1120 848 849 1121)
4(612 1122 850 613)
4(1121 849 850 1122)
4(614 1123 851 615)
4(1122 850 851 1123)
4(616 1124 852 617)
4(1123 851 852 1124)
4(618 1125 853 619)
4(1124 852 853 1125)
4(620 1126 854 621)
4(1125 853 854 1126)
4(622 1127 855 623)
4(1126 854 855 1127)
4(624 1128 856 625)
4(1127 855 856 1128)
4(626 1129 857 627)
4(1128 856 857 1129)
4(628 1130 858 629)
4(1129 857 858 1130)
4(630 1131 859 631)
4(1130 858 859 1131)
4(632 1132 860 633)
4(1131 859 860 1132)
4(634 1133 861 635)
4(1132 860 861 1133)
4(636 1134 862 637)
4(1133 861 862 1134)
4(638 1135 863 639)
4(1134 862 863 1135)
4(640 1136 864 641)
4(1135 863 864 1136)
4(642 1137 865 643)
4(1136 864 865 1137)
4(644 1138 866 645)
4(1137 865 866 1138)
4(646 1139 867 647)
4(1138 866 867 1139)
4(648 1140 868 649)
4(1139 867 868 1140)
4(650 1141 869 651)
4(1140 868 869 1141)
4(652 1142 870 653)
4(1141 869 870 1142)
4(654 1143 871 655)
4(1142 870 871 1143)
4(656 1144 872 657)
4(1143 871 872 1144)
4(658 1145 873 659)
4(1144 872 873 1145)
4(660 1146 874 661)
4(1145 873 874 1146)
4(662 1147 875 663)
4(1146 874 875 1147)
4(664 1148 876 665)
4(1147 875 876 1148)
4(666 1149 877 667)
4(1148 876 877 1149)
4(668 1150 878 669)
4(1149 877 878 1150)
4(670 1151 879 671)
4(1150 878 879 1151)
4(672 1152 880 673)
4(1151 879 880 1152)
4(674 1153 881 675)
4(1152 880 881 1153)
4(676 1154 882 677)
4(1153 881 882 1154)
4(1154 882 883 1155)
4(817 1089 1021 885)
4(818 1090 1022 886)
4(819 1091 1023 887)
4(820 1092 1024 888)
4(821 1093 1025 889)
4(822 1094 1026 890)
4(823 1095 1027 891)
4(824 1096 1028 892)
4(825 1097 1029 893)
4(826 1098 1030 894)
4(827 1099 1031 895)
4(828 1100 1032 896)
4(829 1101 1033 897)
4(830 1102 1034 898)
4(831 1103 1035 899)
4(832 1104 1036 900)
4(833 1105 1037 901)
4(834 1106 1038 902)
4(835 1107 1039 903)
4(836 1108 1040 904)
4(837 1109 1041 905)
4(838 1110 1042 906)
4(839 1111 1043 907)
4(840 1112 1044 908)
4(841 1113 1045 909)
4(842 1114 1046 910)
4(843 1115 1047 911)
4(844 1116 1048 912)
4(845 1117 1049 913)
4(846 1118 1050 914)
4(847 1119 1051 915)
4(848 1120 1052 916)
4(849 1121 1053 917)
4(850 1122 1054 918)
4(851 1123 1055 919)
4(852 1124 1056 920)
4(853 1125 1057 921)
4(854 1126 1058 922)
4(855 1127 1059 923)
4(856 1128 1060 924)
4(857 1129 1061 925)
4(858 1130 1062 926)
4(859 1131 1063 927)
4(860 1132 1064 928)
4(861 1133 1065 929)
4(862 1134 1066 930)
4(863 1135 1067 931)
4(864 1136 1068 932)
4(865 1137 1069 933)
4(866 1138 1070 934)
4(867 1139 1071 935)
4(868 1140 1072 936)
4(869 1141 1073 937)
4(870 1142 1074 938)
4(871 1143 1075 939)
4(872 1144 1076 940)
4(873 1145 1077 941)
4(874 1146 1078 942)
4(875 1147 1079 943)
4(876 1148 1080 944)
4(877 1149 1081 945)
4(878 1150 1082 946)
4(879 1151 1083 947)
4(880 1152 1084 948)
4(881 1153 1085 949)
4(882 1154 1086 950)
4(268 270 271 269)
4(269 271 407 406)
4(268 542 543 270)
4(542 678 679 543)
4(270 543 747 271)
4(271 747 815 407)
4(679 883 747 543)
4(747 883 951 815)
4(406 407 815 1019)
4(815 951 1087 1019)
4(678 1155 883 679)
4(883 1155 1087 951)
4(2 3 1 0)
4(2 8 9 3)
4(8 12 13 9)
4(12 16 17 13)
4(16 20 21 17)
4(20 24 25 21)
4(24 28 29 25)
4(28 32 33 29)
4(32 36 37 33)
4(36 40 41 37)
4(40 44 45 41)
4(44 48 49 45)
4(48 52 53 49)
4(52 56 57 53)
4(56 60 61 57)
4(60 64 65 61)
4(64 68 69 65)
4(68 72 73 69)
4(72 76 77 73)
4(76 80 81 77)
4(80 84 85 81)
4(84 88 89 85)
4(88 92 93 89)
4(92 96 97 93)
4(96 100 101 97)
4(100 104 105 101)
4(104 108 109 105)
4(108 112 113 109)
4(112 116 117 113)
4(116 120 121 117)
4(120 124 125 121)
4(124 128 129 125)
4(128 132 133 129)
4(132 136 137 133)
4(136 140 141 137)
4(140 144 145 141)
4(144 148 149 145)
4(148 152 153 149)
4(152 156 157 153)
4(156 160 161 157)
4(160 164 165 161)
4(164 168 169 165)
4(168 172 173 169)
4(172 176 177 173)
4(176 180 181 177)
4(180 184 185 181)
4(184 188 189 185)
4(188 192 193 189)
4(192 196 197 193)
4(196 200 201 197)
4(200 204 205 201)
4(204 208 209 205)
4(208 212 213 209)
4(212 216 217 213)
4(216 220 221 217)
4(220 224 225 221)
4(224 228 229 225)
4(228 232 233 229)
4(232 236 237 233)
4(236 240 241 237)
4(240 244 245 241)
4(244 248 249 245)
4(248 252 253 249)
4(252 256 257 253)
4(256 260 261 257)
4(260 264 265 261)
4(264 268 269 265)
4(1 3 273 272)
4(3 9 276 273)
4(9 13 278 276)
4(13 17 280 278)
4(17 21 282 280)
4(21 25 284 282)
4(25 29 286 284)
4(29 33 288 286)
4(33 37 290 288)
4(37 41 292 290)
4(41 45 294 292)
4(45 49 296 294)
4(49 53 298 296)
4(53 57 300 298)
4(57 61 302 300)
4(61 65 304 302)
4(65 69 306 304)
4(69 73 308 306)
4(73 77 310 308)
4(77 81 312 310)
4(81 85 314 312)
4(85 89 316 314)
4(89 93 318 316)
4(93 97 320 318)
4(97 101 322 320)
4(101 105 324 322)
4(105 109 326 324)
4(109 113 328 326)
4(113 117 330 328)
4(117 121 332 330)
4(121 125 334 332)
4(125 129 336 334)
4(129 133 338 336)
4(133 137 340 338)
4(137 141 342 340)
4(141 145 344 342)
4(145 149 346 344)
4(149 153 348 346)
4(153 157 350 348)
4(157 161 352 350)
4(161 165 354 352)
4(165 169 356 354)
4(169 173 358 356)
4(173 177 360 358)
4(177 181 362 360)
4(181 185 364 362)
4(185 189 366 364)
4(189 193 368 366)
4(193 197 370 368)
4(197 201 372 370)
4(201 205 374 372)
4(205 209 376 374)
4(209 213 378 376)
4(213 217 380 378)
4(217 221 382 380)
4(221 225 384 382)
4(225 229 386 384)
4(229 233 388 386)
4(233 237 390 388)
4(237 241 392 390)
4(241 245 394 392)
4(245 249 396 394)
4(249 253 398 396)
4(253 257 400 398)
4(257 261 402 400)
4(261 265 404 402)
4(265 269 406 404)
4(0 408 409 2)
4(2 409 412 8)
4(8 412 414 12)
4(12 414 416 16)
4(16 416 418 20)
4(20 418 420 24)
4(24 420 422 28)
4(28 422 424 32)
4(32 424 426 36)
4(36 426 428 40)
4(40 428 430 44)
4(44 430 432 48)
4(48 432 434 52)
4(52 434 436 56)
4(56 436 438 60)
4(60 438 440 64)
4(64 440 442 68)
4(68 442 444 72)
4(72 444 446 76)
4(76 446 448 80)
4(80 448 450 84)
4(84 450 452 88)
4(88 452 454 92)
4(92 454 456 96)
4(96 456 458 100)
4(100 458 460 104)
4(104 460 462 108)
4(108 462 464 112)
4(112 464 466 116)
4(116 466 468 120)
4(120 468 470 124)
4(124 470 472 128)
4(128 472 474 132)
4(132 474 476 136)
4(136 476 478 140)
4(140 478 480 144)
4(144 480 482 148)
4(148 482 484 152)
4(152 484 486 156)
4(156 486 488 160)
4(160 488 490 164)
4(164 490 492 168)
4(168 492 494 172)
4(172 494 496 176)
4(176 496 498 180)
4(180 498 500 184)
4(184 500 502 188)
4(188 502 504 192)
4(192 504 506 196)
4(196 506 508 200)
4(200 508 510 204)
4(204 510 512 208)
4(208 512 514 212)
4(212 514 516 216)
4(216 516 518 220)
4(220 518 520 224)
4(224 520 522 228)
4(228 522 524 232)
4(232 524 526 236)
4(236 526 528 240)
4(240 528 530 244)
4(244 530 532 248)
4(248 532 534 252)
4(252 534 536 256)
4(256 536 538 260)
4(260 538 540 264)
4(264 540 542 268)
4(408 544 545 409)
4(409 545 548 412)
4(412 548 550 414)
4(414 550 552 416)
4(416 552 554 418)
4(418 554 556 420)
4(420 556 558 422)
4(422 558 560 424)
4(424 560 562 426)
4(426 562 564 428)
4(428 564 566 430)
4(430 566 568 432)
4(432 568 570 434)
4(434 570 572 436)
4(436 572 574 438)
4(438 574 576 440)
4(440 576 578 442)
4(442 578 580 444)
4(444 580 582 446)
4(446 582 584 448)
4(448 584 586 450)
4(450 586 588 452)
4(452 588 590 454)
4(454 590 592 456)
4(456 592 594 458)
4(458 594 596 460)
4(460 596 598 462)
4(462 598 600 464)
4(464 600 602 466)
4(466 602 604 468)
4(468 604 606 470)
4(470 606 608 472)
4(472 608 610 474)
4(474 610 612 476)
4(476 612 614 478)
4(478 614 616 480)
4(480 616 618 482)
4(482 618 620 484)
4(484 620 622 486)
4(486 622 624 488)
4(488 624 626 490)
4(490 626 628 492)
4(492 628 630 494)
4(494 630 632 496)
4(496 632 634 498)
4(498 634 636 500)
4(500 636 638 502)
4(502 638 640 504)
4(504 640 642 506)
4(506 642 644 508)
4(508 644 646 510)
4(510 646 648 512)
4(512 648 650 514)
4(514 650 652 516)
4(516 652 654 518)
4(518 654 656 520)
4(520 656 658 522)
4(522 658 660 524)
4(524 660 662 526)
4(526 662 664 528)
4(528 664 666 530)
4(530 666 668 532)
4(532 668 670 534)
4(534 670 672 536)
4(536 672 674 538)
4(538 674 676 540)
4(540 676 678 542)
4(272 273 953 952)
4(273 276 954 953)
4(276 278 955 954)
4(278 280 956 955)
4(280 282 957 956)
4(282 284 958 957)
4(284 286 959 958)
4(286 288 960 959)
4(288 290 961 960)
4(290 292 962 961)
4(292 294 963 962)
4(294 296 964 963)
4(296 298 965 964)
4(298 300 966 965)
4(300 302 967 966)
4(302 304 968 967)
4(304 306 969 968)
4(306 308 970 969)
4(308 310 971 970)
4(310 312 972 971)
4(312 314 973 972)
4(314 316 974 973)
4(316 318 975 974)
4(318 320 976 975)
4(320 322 977 976)
4(322 324 978 977)
4(324 326 979 978)
4(326 328 980 979)
4(328 330 981 980)
4(330 332 982 981)
4(332 334 983 982)
4(334 336 984 983)
4(336 338 985 984)
4(338 340 986 985)
4(340 342 987 986)
4(342 344 988 987)
4(344 346 989 988)
4(346 348 990 989)
4(348 350 991 990)
4(350 352 992 991)
4(352 354 993 992)
4(354 356 994 993)
4(356 358 995 994)
4(358 360 996 995)
4(360 362 997 996)
4(362 364 998 997)
4(364 366 999 998)
4(366 368 1000 999)
4(368 370 1001 1000)
4(370 372 1002 1001)
4(372 374 1003 1002)
4(374 376 1004 1003)
4(376 378 1005 1004)
4(378 380 1006 1005)
4(380 382 1007 1006)
4(382 384 1008 1007)
4(384 386 1009 1008)
4(386 388 1010 1009)
4(388 390 1011 1010)
4(390 392 1012 1011)
4(392 394 1013 1012)
4(394 396 1014 1013)
4(396 398 1015 1014)
4(398 400 1016 1015)
4(400 402 1017 1016)
4(402 404 1018 1017)
4(404 406 1019 1018)
4(952 953 1021 1020)
4(953 954 1022 1021)
4(954 955 1023 1022)
4(955 956 1024 1023)
4(956 957 1025 1024)
4(957 958 1026 1025)
4(958 959 1027 1026)
4(959 960 1028 1027)
4(960 961 1029 1028)
4(961 962 1030 1029)
4(962 963 1031 1030)
4(963 964 1032 1031)
4(964 965 1033 1032)
4(965 966 1034 1033)
4(966 967 1035 1034)
4(967 968 1036 1035)
4(968 969 1037 1036)
4(969 970 1038 1037)
4(970 971 1039 1038)
4(971 972 1040 1039)
4(972 973 1041 1040)
4(973 974 1042 1041)
4(974 975 1043 1042)
4(975 976 1044 1043)
4(976 977 1045 1044)
4(977 978 1046 1045)
4(978 979 1047 1046)
4(979 980 1048 1047)
4(980 981 1049 1048)
4(981 982 1050 1049)
4(982 983 1051 1050)
4(983 984 1052 1051)
4(984 985 1053 1052)
4(985 986 1054 1053)
4(986 987 1055 1054)
4(987 988 1056 1055)
4(988 989 1057 1056)
4(989 990 1058 1057)
4(990 991 1059 1058)
4(991 992 1060 1059)
4(992 993 1061 1060)
4(993 994 1062 1061)
4(994 995 1063 1062)
4(995 996 1064 1063)
4(996 997 1065 1064)
4(997 998 1066 1065)
4(998 999 1067 1066)
4(999 1000 1068 1067)
4(1000 1001 1069 1068)
4(1001 1002 1070 1069)
4(1002 1003 1071 1070)
4(1003 1004 1072 1071)
4(1004 1005 1073 1072)
4(1005 1006 1074 1073)
4(1006 1007 1075 1074)
4(1007 1008 1076 1075)
4(1008 1009 1077 1076)
4(1009 1010 1078 1077)
4(1010 1011 1079 1078)
4(1011 1012 1080 1079)
4(1012 1013 1081 1080)
4(1013 1014 1082 1081)
4(1014 1015 1083 1082)
4(1015 1016 1084 1083)
4(1016 1017 1085 1084)
4(1017 1018 1086 1085)
4(1018 1019 1087 1086)
4(544 1088 1089 545)
4(545 1089 1090 548)
4(548 1090 1091 550)
4(550 1091 1092 552)
4(552 1092 1093 554)
4(554 1093 1094 556)
4(556 1094 1095 558)
4(558 1095 1096 560)
4(560 1096 1097 562)
4(562 1097 1098 564)
4(564 1098 1099 566)
4(566 1099 1100 568)
4(568 1100 1101 570)
4(570 1101 1102 572)
4(572 1102 1103 574)
4(574 1103 1104 576)
4(576 1104 1105 578)
4(578 1105 1106 580)
4(580 1106 1107 582)
4(582 1107 1108 584)
4(584 1108 1109 586)
4(586 1109 1110 588)
4(588 1110 1111 590)
4(590 1111 1112 592)
4(592 1112 1113 594)
4(594 1113 1114 596)
4(596 1114 1115 598)
4(598 1115 1116 600)
4(600 1116 1117 602)
4(602 1117 1118 604)
4(604 1118 1119 606)
4(606 1119 1120 608)
4(608 1120 1121 610)
4(610 1121 1122 612)
4(612 1122 1123 614)
4(614 1123 1124 616)
4(616 1124 1125 618)
4(618 1125 1126 620)
4(620 1126 1127 622)
4(622 1127 1128 624)
4(624 1128 1129 626)
4(626 1129 1130 628)
4(628 1130 1131 630)
4(630 1131 1132 632)
4(632 1132 1133 634)
4(634 1133 1134 636)
4(636 1134 1135 638)
4(638 1135 1136 640)
4(640 1136 1137 642)
4(642 1137 1138 644)
4(644 1138 1139 646)
4(646 1139 1140 648)
4(648 1140 1141 650)
4(650 1141 1142 652)
4(652 1142 1143 654)
4(654 1143 1144 656)
4(656 1144 1145 658)
4(658 1145 1146 660)
4(660 1146 1147 662)
4(662 1147 1148 664)
4(664 1148 1149 666)
4(666 1149 1150 668)
4(668 1150 1151 670)
4(670 1151 1152 672)
4(672 1152 1153 674)
4(674 1153 1154 676)
4(676 1154 1155 678)
4(1088 1020 1021 1089)
4(1089 1021 1022 1090)
4(1090 1022 1023 1091)
4(1091 1023 1024 1092)
4(1092 1024 1025 1093)
4(1093 1025 1026 1094)
4(1094 1026 1027 1095)
4(1095 1027 1028 1096)
4(1096 1028 1029 1097)
4(1097 1029 1030 1098)
4(1098 1030 1031 1099)
4(1099 1031 1032 1100)
4(1100 1032 1033 1101)
4(1101 1033 1034 1102)
4(1102 1034 1035 1103)
4(1103 1035 1036 1104)
4(1104 1036 1037 1105)
4(1105 1037 1038 1106)
4(1106 1038 1039 1107)
4(1107 1039 1040 1108)
4(1108 1040 1041 1109)
4(1109 1041 1042 1110)
4(1110 1042 1043 1111)
4(1111 1043 1044 1112)
4(1112 1044 1045 1113)
4(1113 1045 1046 1114)
4(1114 1046 1047 1115)
4(1115 1047 1048 1116)
4(1116 1048 1049 1117)
4(1117 1049 1050 1118)
4(1118 1050 1051 1119)
4(1119 1051 1052 1120)
4(1120 1052 1053 1121)
4(1121 1053 1054 1122)
4(1122 1054 1055 1123)
4(1123 1055 1056 1124)
4(1124 1056 1057 1125)
4(1125 1057 1058 1126)
4(1126 1058 1059 1127)
4(1127 1059 1060 1128)
4(1128 1060 1061 1129)
4(1129 1061 1062 1130)
4(1130 1062 1063 1131)
4(1131 1063 1064 1132)
4(1132 1064 1065 1133)
4(1133 1065 1066 1134)
4(1134 1066 1067 1135)
4(1135 1067 1068 1136)
4(1136 1068 1069 1137)
4(1137 1069 1070 1138)
4(1138 1070 1071 1139)
4(1139 1071 1072 1140)
4(1140 1072 1073 1141)
4(1141 1073 1074 1142)
4(1142 1074 1075 1143)
4(1143 1075 1076 1144)
4(1144 1076 1077 1145)
4(1145 1077 1078 1146)
4(1146 1078 1079 1147)
4(1147 1079 1080 1148)
4(1148 1080 1081 1149)
4(1149 1081 1082 1150)
4(1150 1082 1083 1151)
4(1151 1083 1084 1152)
4(1152 1084 1085 1153)
4(1153 1085 1086 1154)
4(1154 1086 1087 1155)
4(4 0 1 5)
4(1 272 274 5)
4(0 4 410 408)
4(408 410 546 544)
4(4 5 680 410)
4(5 274 748 680)
4(546 410 680 816)
4(680 748 884 816)
4(272 952 748 274)
4(748 952 1020 884)
4(544 546 816 1088)
4(816 884 1020 1088)
)


// ************************************************************************* //
