/*--------------------------------*- C++ -*----------------------------------*\
| =========                 |                                                 |
| \\      /  F ield         | OpenFOAM: The Open Source CFD Toolbox           |
|  \\    /   O peration     | Version:  3.0.1                                 |
|   \\  /    A nd           | Web:      www.OpenFOAM.org                      |
|    \\/     M anipulation  |                                                 |
\*---------------------------------------------------------------------------*/
FoamFile
{
    version     2.0;
    format      ascii;
    class       vectorField;
    location    "constant/polyMesh";
    object      points;
}
// * * * * * * * * * * * * * * * * * * * * * * * * * * * * * * * * * * * * * //


1156
(
(-0.01767767083 -0.01767766823 0)
(-0.02499999994 8.414596654e-10 0)
(-0.01767767161 -0.01767766894 0.01194029851)
(-0.02500000033 8.705682231e-10 0.01194029851)
(-0.01131371038 -0.01131370778 0)
(-0.01287580683 6.475740183e-10 0)
(-0.01131371116 -0.01131370849 0.01194029869)
(-0.01287580765 6.766825863e-10 0.01194029869)
(-0.01767767161 -0.01767766894 0.02388059701)
(-0.02500000033 8.705703797e-10 0.02388059701)
(-0.01131371116 -0.01131370849 0.02388059737)
(-0.01287580765 6.766847444e-10 0.02388059737)
(-0.01767767161 -0.01767766894 0.03582089552)
(-0.02500000033 8.705714553e-10 0.03582089552)
(-0.01131371116 -0.01131370849 0.03582089606)
(-0.01287580765 6.766858217e-10 0.03582089606)
(-0.01767767161 -0.01767766894 0.04776119403)
(-0.02500000033 8.705692886e-10 0.04776119403)
(-0.01131371116 -0.01131370849 0.04776119474)
(-0.01287580765 6.766836525e-10 0.04776119474)
(-0.01767767161 -0.01767766894 0.05970149254)
(-0.02500000033 8.705660377e-10 0.05970149254)
(-0.01131371116 -0.01131370849 0.05970149343)
(-0.01287580765 6.766804008e-10 0.05970149343)
(-0.01767767161 -0.01767766894 0.07164179104)
(-0.02500000033 8.705660325e-10 0.07164179104)
(-0.01131371116 -0.01131370849 0.07164179211)
(-0.01287580765 6.766804e-10 0.07164179211)
(-0.01767767161 -0.01767766894 0.08358208955)
(-0.02500000033 8.705649466e-10 0.08358208955)
(-0.01131371116 -0.01131370849 0.0835820908)
(-0.01287580765 6.766793133e-10 0.0835820908)
(-0.01767767161 -0.01767766894 0.09552238806)
(-0.02500000033 8.705660204e-10 0.09552238806)
(-0.01131371116 -0.01131370849 0.09552238948)
(-0.01287580765 6.766803854e-10 0.09552238948)
(-0.01767767161 -0.01767766894 0.1074626866)
(-0.02500000033 8.705681801e-10 0.1074626866)
(-0.01131371116 -0.01131370849 0.1074626882)
(-0.01287580765 6.76682547e-10 0.1074626882)
(-0.01767767161 -0.01767766894 0.1194029851)
(-0.02500000033 8.705660117e-10 0.1194029851)
(-0.01131371116 -0.01131370849 0.1194029869)
(-0.01287580765 6.766803795e-10 0.1194029869)
(-0.01767767161 -0.01767766894 0.1313432836)
(-0.02500000033 8.705665477e-10 0.1313432836)
(-0.01131371116 -0.01131370849 0.1313432855)
(-0.01287580765 6.766809147e-10 0.1313432855)
(-0.01767767161 -0.01767766894 0.1432835821)
(-0.02500000033 8.705659995e-10 0.1432835821)
(-0.01131371116 -0.01131370849 0.1432835842)
(-0.01287580765 6.766803649e-10 0.1432835842)
(-0.01767767161 -0.01767766894 0.1552238806)
(-0.02500000033 8.705665356e-10 0.1552238806)
(-0.01131371116 -0.01131370849 0.1552238829)
(-0.01287580765 6.766809001e-10 0.1552238829)
(-0.01767767161 -0.01767766894 0.1671641791)
(-0.02500000033 8.705654462e-10 0.1671641791)
(-0.01131371116 -0.01131370849 0.1671641816)
(-0.01287580765 6.766798142e-10 0.1671641816)
(-0.01767767161 -0.01767766894 0.1791044776)
(-0.02500000033 8.705662528e-10 0.1791044776)
(-0.01131371116 -0.01131370849 0.1791044803)
(-0.01287580765 6.766806192e-10 0.1791044803)
(-0.01767767161 -0.01767766894 0.1910447761)
(-0.02500000033 8.705662476e-10 0.1910447761)
(-0.01131371116 -0.01131370849 0.191044779)
(-0.01287580765 6.766806158e-10 0.191044779)
(-0.01767767161 -0.01767766894 0.2029850746)
(-0.02500000033 8.705654306e-10 0.2029850746)
(-0.01131371116 -0.01131370849 0.2029850777)
(-0.01287580765 6.766797979e-10 0.2029850777)
(-0.01767767161 -0.01767766894 0.2149253731)
(-0.02500000033 8.705655468e-10 0.2149253731)
(-0.01131371116 -0.01131370849 0.2149253763)
(-0.01287580765 6.766799142e-10 0.2149253763)
(-0.01767767161 -0.01767766894 0.2268656716)
(-0.02500000033 8.705658018e-10 0.2268656716)
(-0.01131371116 -0.01131370849 0.226865675)
(-0.01287580765 6.766801676e-10 0.226865675)
(-0.01767767161 -0.01767766894 0.2388059701)
(-0.02500000033 8.705655641e-10 0.2388059701)
(-0.01131371116 -0.01131370849 0.2388059737)
(-0.01287580765 6.766799282e-10 0.2388059737)
(-0.01767767161 -0.01767766894 0.2507462687)
(-0.02500000033 8.705654687e-10 0.2507462687)
(-0.01131371116 -0.01131370849 0.2507462724)
(-0.01287580765 6.766798338e-10 0.2507462724)
(-0.01767767161 -0.01767766894 0.2626865672)
(-0.02500000033 8.705654306e-10 0.2626865672)
(-0.01131371116 -0.01131370849 0.2626865711)
(-0.01287580765 6.766797965e-10 0.2626865711)
(-0.01767767161 -0.01767766894 0.2746268657)
(-0.02500000033 8.705648373e-10 0.2746268657)
(-0.01131371116 -0.01131370849 0.2746268698)
(-0.01287580765 6.766792059e-10 0.2746268698)
(-0.01767767161 -0.01767766894 0.2865671642)
(-0.02500000033 8.705648529e-10 0.2865671642)
(-0.01131371116 -0.01131370849 0.2865671684)
(-0.01287580765 6.766792173e-10 0.2865671684)
(-0.01767767161 -0.01767766894 0.2985074627)
(-0.02500000033 8.705654774e-10 0.2985074627)
(-0.01131371116 -0.01131370849 0.2985074671)
(-0.01287580765 6.766798427e-10 0.2985074671)
(-0.01767767161 -0.01767766894 0.3104477612)
(-0.02500000033 8.705654965e-10 0.3104477612)
(-0.01131371116 -0.01131370849 0.3104477658)
(-0.01287580765 6.766798627e-10 0.3104477658)
(-0.01767767161 -0.01767766894 0.3223880597)
(-0.02500000033 8.705655156e-10 0.3223880597)
(-0.01131371116 -0.01131370849 0.3223880645)
(-0.01287580765 6.766798827e-10 0.3223880645)
(-0.01767767161 -0.01767766894 0.3343283582)
(-0.02500000033 8.705655312e-10 0.3343283582)
(-0.01131371116 -0.01131370849 0.3343283632)
(-0.01287580765 6.766799001e-10 0.3343283632)
(-0.01767767161 -0.01767766894 0.3462686567)
(-0.02500000033 8.705655503e-10 0.3462686567)
(-0.01131371116 -0.01131370849 0.3462686619)
(-0.01287580765 6.766799201e-10 0.3462686619)
(-0.01767767161 -0.01767766894 0.3582089552)
(-0.02500000033 8.705655676e-10 0.3582089552)
(-0.01131371116 -0.01131370849 0.3582089606)
(-0.01287580765 6.766799367e-10 0.3582089606)
(-0.01767767161 -0.01767766894 0.3701492537)
(-0.02500000033 8.70566801e-10 0.3701492537)
(-0.01131371116 -0.01131370849 0.3701492592)
(-0.01287580765 6.766811649e-10 0.3701492592)
(-0.01767767161 -0.01767766894 0.3820895522)
(-0.02500000033 8.705656006e-10 0.3820895522)
(-0.01131371116 -0.01131370849 0.3820895579)
(-0.01287580765 6.766799698e-10 0.3820895579)
(-0.01767767161 -0.01767766894 0.3940298507)
(-0.02500000033 8.705656214e-10 0.3940298507)
(-0.01131371116 -0.01131370849 0.3940298566)
(-0.01287580765 6.766799915e-10 0.3940298566)
(-0.01767767161 -0.01767766894 0.4059701493)
(-0.02500000033 8.70565637e-10 0.4059701493)
(-0.01131371116 -0.01131370849 0.4059701553)
(-0.01287580765 6.766800055e-10 0.4059701553)
(-0.01767767161 -0.01767766894 0.4179104478)
(-0.02500000033 8.70565637e-10 0.4179104478)
(-0.01131371116 -0.01131370849 0.417910454)
(-0.01287580765 6.766800047e-10 0.417910454)
(-0.01767767161 -0.01767766894 0.4298507463)
(-0.02500000033 8.70565637e-10 0.4298507463)
(-0.01131371116 -0.01131370849 0.4298507527)
(-0.01287580765 6.766800047e-10 0.4298507527)
(-0.01767767161 -0.01767766894 0.4417910448)
(-0.02500000033 8.70565637e-10 0.4417910448)
(-0.01131371116 -0.01131370849 0.4417910514)
(-0.01287580765 6.766800031e-10 0.4417910514)
(-0.01767767161 -0.01767766894 0.4537313433)
(-0.02500000033 8.70565637e-10 0.4537313433)
(-0.01131371116 -0.01131370849 0.45373135)
(-0.01287580765 6.766800031e-10 0.45373135)
(-0.01767767161 -0.01767766894 0.4656716418)
(-0.02500000033 8.70565637e-10 0.4656716418)
(-0.01131371116 -0.01131370849 0.4656716487)
(-0.01287580765 6.766800041e-10 0.4656716487)
(-0.01767767161 -0.01767766894 0.4776119403)
(-0.02500000033 8.705656387e-10 0.4776119403)
(-0.01131371116 -0.01131370849 0.4776119474)
(-0.01287580765 6.766800059e-10 0.4776119474)
(-0.01767767161 -0.01767766894 0.4895522388)
(-0.02500000033 8.705668548e-10 0.4895522388)
(-0.01131371116 -0.01131370849 0.4895522461)
(-0.01287580765 6.766812211e-10 0.4895522461)
(-0.01767767161 -0.01767766894 0.5014925373)
(-0.02500000033 8.70566853e-10 0.5014925373)
(-0.01131371116 -0.01131370849 0.5014925448)
(-0.01287580765 6.76681222e-10 0.5014925448)
(-0.01767767161 -0.01767766894 0.5134328358)
(-0.02500000033 8.705692869e-10 0.5134328358)
(-0.01131371116 -0.01131370849 0.5134328435)
(-0.01287580765 6.766836542e-10 0.5134328435)
(-0.01767767161 -0.01767766894 0.5253731343)
(-0.02500000033 8.705717189e-10 0.5253731343)
(-0.01131371116 -0.01131370849 0.5253731422)
(-0.01287580765 6.766860863e-10 0.5253731422)
(-0.01767767161 -0.01767766894 0.5373134328)
(-0.02500000033 8.705692886e-10 0.5373134328)
(-0.01131371116 -0.01131370849 0.5373134408)
(-0.01287580765 6.766836552e-10 0.5373134408)
(-0.01767767161 -0.01767766894 0.5492537313)
(-0.02500000033 8.705644192e-10 0.5492537313)
(-0.01131371116 -0.01131370849 0.5492537395)
(-0.01287580765 6.766787859e-10 0.5492537395)
(-0.01767767161 -0.01767766894 0.5611940299)
(-0.02500000033 8.705662667e-10 0.5611940299)
(-0.01131371116 -0.01131370849 0.5611940382)
(-0.01287580765 6.766806343e-10 0.5611940382)
(-0.01767767161 -0.01767766894 0.5731343284)
(-0.02500000033 8.705660221e-10 0.5731343284)
(-0.01131371116 -0.01131370849 0.5731343369)
(-0.01287580765 6.766803897e-10 0.5731343369)
(-0.01767767161 -0.01767766894 0.5850746269)
(-0.02500000033 8.705654132e-10 0.5850746269)
(-0.01131371116 -0.01131370849 0.5850746356)
(-0.01287580765 6.766797818e-10 0.5850746356)
(-0.01767767161 -0.01767766894 0.5970149254)
(-0.02500000033 8.705654132e-10 0.5970149254)
(-0.01131371116 -0.01131370849 0.5970149343)
(-0.01287580765 6.766797819e-10 0.5970149343)
(-0.01767767161 -0.01767766894 0.6089552239)
(-0.02500000033 8.705643325e-10 0.6089552239)
(-0.01131371116 -0.01131370849 0.608955233)
(-0.01287580765 6.766787012e-10 0.608955233)
(-0.01767767161 -0.01767766894 0.6208955224)
(-0.02500000033 8.705654132e-10 0.6208955224)
(-0.01131371116 -0.01131370849 0.6208955316)
(-0.01287580765 6.766797811e-10 0.6208955316)
(-0.01767767161 -0.01767766894 0.6328358209)
(-0.02500000033 8.705656838e-10 0.6328358209)
(-0.01131371116 -0.01131370849 0.6328358303)
(-0.01287580765 6.766800527e-10 0.6328358303)
(-0.01767767161 -0.01767766894 0.6447761194)
(-0.02500000033 8.705673058e-10 0.6447761194)
(-0.01131371116 -0.01131370849 0.644776129)
(-0.01287580765 6.766816747e-10 0.644776129)
(-0.01767767161 -0.01767766894 0.6567164179)
(-0.02500000033 8.705656838e-10 0.6567164179)
(-0.01131371116 -0.01131370849 0.6567164277)
(-0.01287580765 6.766800519e-10 0.6567164277)
(-0.01767767161 -0.01767766894 0.6686567164)
(-0.02500000033 8.705662251e-10 0.6686567164)
(-0.01131371116 -0.01131370849 0.6686567264)
(-0.01287580765 6.766805932e-10 0.6686567264)
(-0.01767767161 -0.01767766894 0.6805970149)
(-0.02500000033 8.70567847e-10 0.6805970149)
(-0.01131371116 -0.01131370849 0.6805970251)
(-0.01287580765 6.76682217e-10 0.6805970251)
(-0.01767767161 -0.01767766894 0.6925373134)
(-0.02500000033 8.705667663e-10 0.6925373134)
(-0.01131371116 -0.01131370849 0.6925373238)
(-0.01287580765 6.766811337e-10 0.6925373238)
(-0.01767767161 -0.01767766894 0.7044776119)
(-0.02500000033 8.70567847e-10 0.7044776119)
(-0.01131371116 -0.01131370849 0.7044776224)
(-0.01287580765 6.766822145e-10 0.7044776224)
(-0.01767767161 -0.01767766894 0.7164179104)
(-0.02500000033 8.705624399e-10 0.7164179104)
(-0.01131371116 -0.01131370849 0.7164179211)
(-0.01287580765 6.766768083e-10 0.7164179211)
(-0.01767767161 -0.01767766894 0.728358209)
(-0.02500000033 8.705656838e-10 0.728358209)
(-0.01131371116 -0.01131370849 0.7283582198)
(-0.01287580765 6.766800514e-10 0.7283582198)
(-0.01767767161 -0.01767766894 0.7402985075)
(-0.02500000033 8.705689295e-10 0.7402985075)
(-0.01131371116 -0.01131370849 0.7402985185)
(-0.01287580765 6.766832989e-10 0.7402985185)
(-0.01767767161 -0.01767766894 0.752238806)
(-0.02500000033 8.705656838e-10 0.752238806)
(-0.01131371116 -0.01131370849 0.7522388172)
(-0.01287580765 6.766800533e-10 0.7522388172)
(-0.01767767161 -0.01767766894 0.7641791045)
(-0.02500000033 8.705656838e-10 0.7641791045)
(-0.01131371116 -0.01131370849 0.7641791159)
(-0.01287580765 6.766800525e-10 0.7641791159)
(-0.01767767161 -0.01767766894 0.776119403)
(-0.02500000033 8.705667663e-10 0.776119403)
(-0.01131371116 -0.01131370849 0.7761194146)
(-0.01287580765 6.766811359e-10 0.7761194146)
(-0.01767767161 -0.01767766894 0.7880597015)
(-0.02500000033 8.705667659e-10 0.7880597015)
(-0.01131371116 -0.01131370849 0.7880597132)
(-0.01287580765 6.76681136e-10 0.7880597132)
(-0.01767767083 -0.01767766823 0.8)
(-0.02499999994 8.414596654e-10 0.8)
(-0.01131371038 -0.01131370778 0.8000000119)
(-0.01287580683 6.475740252e-10 0.8000000119)
(-0.01767766964 0.01767766942 0)
(-0.01767767049 0.01767767019 0.01194029851)
(-0.01131370919 0.01131370897 0)
(-0.01131371004 0.01131370974 0.01194029869)
(-0.01767767049 0.01767767019 0.02388059701)
(-0.01131371004 0.01131370974 0.02388059737)
(-0.01767767049 0.01767767019 0.03582089552)
(-0.01131371004 0.01131370974 0.03582089606)
(-0.01767767049 0.01767767019 0.04776119403)
(-0.01131371004 0.01131370974 0.04776119474)
(-0.01767767049 0.01767767019 0.05970149254)
(-0.01131371004 0.01131370974 0.05970149343)
(-0.01767767049 0.01767767019 0.07164179104)
(-0.01131371004 0.01131370974 0.07164179211)
(-0.01767767049 0.01767767019 0.08358208955)
(-0.01131371004 0.01131370974 0.0835820908)
(-0.01767767049 0.01767767019 0.09552238806)
(-0.01131371004 0.01131370974 0.09552238948)
(-0.01767767049 0.01767767019 0.1074626866)
(-0.01131371004 0.01131370974 0.1074626882)
(-0.01767767049 0.01767767019 0.1194029851)
(-0.01131371004 0.01131370974 0.1194029869)
(-0.01767767049 0.01767767019 0.1313432836)
(-0.01131371004 0.01131370974 0.1313432855)
(-0.01767767049 0.01767767019 0.1432835821)
(-0.01131371004 0.01131370974 0.1432835842)
(-0.01767767049 0.01767767019 0.1552238806)
(-0.01131371004 0.01131370974 0.1552238829)
(-0.01767767049 0.01767767019 0.1671641791)
(-0.01131371004 0.01131370974 0.1671641816)
(-0.01767767049 0.01767767019 0.1791044776)
(-0.01131371004 0.01131370974 0.1791044803)
(-0.01767767049 0.01767767019 0.1910447761)
(-0.01131371004 0.01131370974 0.191044779)
(-0.01767767049 0.01767767019 0.2029850746)
(-0.01131371004 0.01131370974 0.2029850777)
(-0.01767767049 0.01767767019 0.2149253731)
(-0.01131371004 0.01131370974 0.2149253763)
(-0.01767767049 0.01767767019 0.2268656716)
(-0.01131371004 0.01131370974 0.226865675)
(-0.01767767049 0.01767767019 0.2388059701)
(-0.01131371004 0.01131370974 0.2388059737)
(-0.01767767049 0.01767767019 0.2507462687)
(-0.01131371004 0.01131370974 0.2507462724)
(-0.01767767049 0.01767767019 0.2626865672)
(-0.01131371004 0.01131370974 0.2626865711)
(-0.01767767049 0.01767767019 0.2746268657)
(-0.01131371004 0.01131370974 0.2746268698)
(-0.01767767049 0.01767767019 0.2865671642)
(-0.01131371004 0.01131370974 0.2865671684)
(-0.01767767049 0.01767767019 0.2985074627)
(-0.01131371004 0.01131370974 0.2985074671)
(-0.01767767049 0.01767767019 0.3104477612)
(-0.01131371004 0.01131370974 0.3104477658)
(-0.01767767049 0.01767767019 0.3223880597)
(-0.01131371004 0.01131370974 0.3223880645)
(-0.01767767049 0.01767767019 0.3343283582)
(-0.01131371004 0.01131370974 0.3343283632)
(-0.01767767049 0.01767767019 0.3462686567)
(-0.01131371004 0.01131370974 0.3462686619)
(-0.01767767049 0.01767767019 0.3582089552)
(-0.01131371004 0.01131370974 0.3582089606)
(-0.01767767049 0.01767767019 0.3701492537)
(-0.01131371004 0.01131370974 0.3701492592)
(-0.01767767049 0.01767767019 0.3820895522)
(-0.01131371004 0.01131370974 0.3820895579)
(-0.01767767049 0.01767767019 0.3940298507)
(-0.01131371004 0.01131370974 0.3940298566)
(-0.01767767049 0.01767767019 0.4059701493)
(-0.01131371004 0.01131370974 0.4059701553)
(-0.01767767049 0.01767767019 0.4179104478)
(-0.01131371004 0.01131370974 0.417910454)
(-0.01767767049 0.01767767019 0.4298507463)
(-0.01131371004 0.01131370974 0.4298507527)
(-0.01767767049 0.01767767019 0.4417910448)
(-0.01131371004 0.01131370974 0.4417910514)
(-0.01767767049 0.01767767019 0.4537313433)
(-0.01131371004 0.01131370974 0.45373135)
(-0.01767767049 0.01767767019 0.4656716418)
(-0.01131371004 0.01131370974 0.4656716487)
(-0.01767767049 0.01767767019 0.4776119403)
(-0.01131371004 0.01131370974 0.4776119474)
(-0.01767767049 0.01767767019 0.4895522388)
(-0.01131371004 0.01131370974 0.4895522461)
(-0.01767767049 0.01767767019 0.5014925373)
(-0.01131371004 0.01131370974 0.5014925448)
(-0.01767767049 0.01767767019 0.5134328358)
(-0.01131371004 0.01131370974 0.5134328435)
(-0.01767767049 0.01767767019 0.5253731343)
(-0.01131371004 0.01131370974 0.5253731422)
(-0.01767767049 0.01767767019 0.5373134328)
(-0.01131371004 0.01131370974 0.5373134408)
(-0.01767767049 0.01767767019 0.5492537313)
(-0.01131371004 0.01131370974 0.5492537395)
(-0.01767767049 0.01767767019 0.5611940299)
(-0.01131371004 0.01131370974 0.5611940382)
(-0.01767767049 0.01767767019 0.5731343284)
(-0.01131371004 0.01131370974 0.5731343369)
(-0.01767767049 0.01767767019 0.5850746269)
(-0.01131371004 0.01131370974 0.5850746356)
(-0.01767767049 0.01767767019 0.5970149254)
(-0.01131371004 0.01131370974 0.5970149343)
(-0.01767767049 0.01767767019 0.6089552239)
(-0.01131371004 0.01131370974 0.608955233)
(-0.01767767049 0.01767767019 0.6208955224)
(-0.01131371004 0.01131370974 0.6208955316)
(-0.01767767049 0.01767767019 0.6328358209)
(-0.01131371004 0.01131370974 0.6328358303)
(-0.01767767049 0.01767767019 0.6447761194)
(-0.01131371004 0.01131370974 0.644776129)
(-0.01767767049 0.01767767019 0.6567164179)
(-0.01131371004 0.01131370974 0.6567164277)
(-0.01767767049 0.01767767019 0.6686567164)
(-0.01131371004 0.01131370974 0.6686567264)
(-0.01767767049 0.01767767019 0.6805970149)
(-0.01131371004 0.01131370974 0.6805970251)
(-0.01767767049 0.01767767019 0.6925373134)
(-0.01131371004 0.01131370974 0.6925373238)
(-0.01767767049 0.01767767019 0.7044776119)
(-0.01131371004 0.01131370974 0.7044776224)
(-0.01767767049 0.01767767019 0.7164179104)
(-0.01131371004 0.01131370974 0.7164179211)
(-0.01767767049 0.01767767019 0.728358209)
(-0.01131371004 0.01131370974 0.7283582198)
(-0.01767767049 0.01767767019 0.7402985075)
(-0.01131371004 0.01131370974 0.7402985185)
(-0.01767767049 0.01767767019 0.752238806)
(-0.01131371004 0.01131370974 0.7522388172)
(-0.01767767049 0.01767767019 0.7641791045)
(-0.01131371004 0.01131370974 0.7641791159)
(-0.01767767049 0.01767767019 0.776119403)
(-0.01131371004 0.01131370974 0.7761194146)
(-0.01767767049 0.01767767019 0.7880597015)
(-0.01131371004 0.01131370974 0.7880597132)
(-0.01767766964 0.01767766942 0.8)
(-0.01131370919 0.01131370897 0.8000000119)
(-2.828434248e-09 -0.02499999993 0)
(-2.901316329e-09 -0.02500000024 0.01194029851)
(-2.176730122e-09 -0.01287580636 0)
(-2.249612245e-09 -0.01287580707 0.01194029869)
(-2.901316353e-09 -0.02500000024 0.02388059701)
(-2.249612267e-09 -0.01287580707 0.02388059737)
(-2.901316369e-09 -0.02500000024 0.03582089552)
(-2.249612286e-09 -0.01287580707 0.03582089606)
(-2.901316393e-09 -0.02500000024 0.04776119403)
(-2.249612309e-09 -0.01287580707 0.04776119474)
(-2.901316416e-09 -0.02500000024 0.05970149254)
(-2.249612333e-09 -0.01287580707 0.05970149343)
(-2.901316438e-09 -0.02500000024 0.07164179104)
(-2.249612356e-09 -0.01287580707 0.07164179211)
(-2.901316459e-09 -0.02500000024 0.08358208955)
(-2.249612376e-09 -0.01287580707 0.0835820908)
(-2.901316482e-09 -0.02500000024 0.09552238806)
(-2.249612399e-09 -0.01287580707 0.09552238948)
(-2.901316503e-09 -0.02500000024 0.1074626866)
(-2.249612417e-09 -0.01287580707 0.1074626882)
(-2.901316527e-09 -0.02500000024 0.1194029851)
(-2.249612442e-09 -0.01287580707 0.1194029869)
(-2.901316546e-09 -0.02500000024 0.1313432836)
(-2.249612458e-09 -0.01287580707 0.1313432855)
(-2.90131657e-09 -0.02500000024 0.1432835821)
(-2.249612489e-09 -0.01287580707 0.1432835842)
(-2.901316589e-09 -0.02500000024 0.1552238806)
(-2.249612502e-09 -0.01287580707 0.1552238829)
(-2.90131661e-09 -0.02500000024 0.1671641791)
(-2.249612525e-09 -0.01287580707 0.1671641816)
(-2.901316634e-09 -0.02500000024 0.1791044776)
(-2.24961255e-09 -0.01287580707 0.1791044803)
(-2.901316655e-09 -0.02500000024 0.1910447761)
(-2.249612574e-09 -0.01287580707 0.191044779)
(-2.901316676e-09 -0.02500000024 0.2029850746)
(-2.249612593e-09 -0.01287580707 0.2029850777)
(-2.901316627e-09 -0.02500000024 0.2149253731)
(-2.249612543e-09 -0.01287580707 0.2149253763)
(-2.901316581e-09 -0.02500000024 0.2268656716)
(-2.249612498e-09 -0.01287580707 0.226865675)
(-2.901316536e-09 -0.02500000024 0.2388059701)
(-2.249612454e-09 -0.01287580707 0.2388059737)
(-2.901316437e-09 -0.02500000024 0.2507462687)
(-2.249612357e-09 -0.01287580707 0.2507462724)
(-2.901316284e-09 -0.02500000024 0.2626865672)
(-2.249612197e-09 -0.01287580707 0.2626865711)
(-2.901315887e-09 -0.02500000024 0.2746268657)
(-2.249611801e-09 -0.01287580707 0.2746268698)
(-2.901315887e-09 -0.02500000024 0.2865671642)
(-2.249611799e-09 -0.01287580707 0.2865671684)
(-2.901316437e-09 -0.02500000024 0.2985074627)
(-2.24961235e-09 -0.01287580707 0.2985074671)
(-2.901316437e-09 -0.02500000024 0.3104477612)
(-2.24961235e-09 -0.01287580707 0.3104477658)
(-2.901316437e-09 -0.02500000024 0.3223880597)
(-2.249612349e-09 -0.01287580707 0.3223880645)
(-2.901316437e-09 -0.02500000024 0.3343283582)
(-2.249612353e-09 -0.01287580707 0.3343283632)
(-2.901317044e-09 -0.02500000024 0.3462686567)
(-2.249612961e-09 -0.01287580707 0.3462686619)
(-2.901317044e-09 -0.02500000024 0.3582089552)
(-2.249612961e-09 -0.01287580707 0.3582089606)
(-2.901319358e-09 -0.02500000024 0.3701492537)
(-2.249615273e-09 -0.01287580707 0.3701492592)
(-2.901317046e-09 -0.02500000024 0.3820895522)
(-2.249612961e-09 -0.01287580707 0.3820895579)
(-2.901317046e-09 -0.02500000024 0.3940298507)
(-2.249612959e-09 -0.01287580707 0.3940298566)
(-2.901317044e-09 -0.02500000024 0.4059701493)
(-2.249612959e-09 -0.01287580707 0.4059701553)
(-2.901317044e-09 -0.02500000024 0.4179104478)
(-2.249612959e-09 -0.01287580707 0.417910454)
(-2.901317044e-09 -0.02500000024 0.4298507463)
(-2.249612959e-09 -0.01287580707 0.4298507527)
(-2.901317044e-09 -0.02500000024 0.4417910448)
(-2.249612959e-09 -0.01287580707 0.4417910514)
(-2.901317044e-09 -0.02500000024 0.4537313433)
(-2.24961296e-09 -0.01287580707 0.45373135)
(-2.901317044e-09 -0.02500000024 0.4656716418)
(-2.249612958e-09 -0.01287580707 0.4656716487)
(-2.901317044e-09 -0.02500000024 0.4776119403)
(-2.249612959e-09 -0.01287580707 0.4776119474)
(-2.90131814e-09 -0.02500000024 0.4895522388)
(-2.249614055e-09 -0.01287580707 0.4895522461)
(-2.90131814e-09 -0.02500000024 0.5014925373)
(-2.249614054e-09 -0.01287580707 0.5014925448)
(-2.901320335e-09 -0.02500000024 0.5134328358)
(-2.249616249e-09 -0.01287580707 0.5134328435)
(-2.901322527e-09 -0.02500000024 0.5253731343)
(-2.249618441e-09 -0.01287580707 0.5253731422)
(-2.901320335e-09 -0.02500000024 0.5373134328)
(-2.24961625e-09 -0.01287580707 0.5373134408)
(-2.901315946e-09 -0.02500000024 0.5492537313)
(-2.249611862e-09 -0.01287580707 0.5492537395)
(-2.901317382e-09 -0.02500000024 0.5611940299)
(-2.249613295e-09 -0.01287580707 0.5611940382)
(-2.901317146e-09 -0.02500000024 0.5731343284)
(-2.249613061e-09 -0.01287580707 0.5731343369)
(-2.90131653e-09 -0.02500000024 0.5850746269)
(-2.249612445e-09 -0.01287580707 0.5850746356)
(-2.901317476e-09 -0.02500000024 0.5970149254)
(-2.24961339e-09 -0.01287580707 0.5970149343)
(-2.901315691e-09 -0.02500000024 0.6089552239)
(-2.249611608e-09 -0.01287580707 0.608955233)
(-2.901316395e-09 -0.02500000024 0.6208955224)
(-2.249612308e-09 -0.01287580707 0.6208955316)
(-2.901314745e-09 -0.02500000024 0.6328358209)
(-2.249610662e-09 -0.01287580707 0.6328358303)
(-2.901316208e-09 -0.02500000024 0.6447761194)
(-2.249612125e-09 -0.01287580707 0.644776129)
(-2.901315826e-09 -0.02500000024 0.6567164179)
(-2.249611739e-09 -0.01287580707 0.6567164277)
(-2.901316313e-09 -0.02500000024 0.6686567164)
(-2.24961223e-09 -0.01287580707 0.6686567264)
(-2.901317236e-09 -0.02500000024 0.6805970149)
(-2.249613152e-09 -0.01287580707 0.6805970251)
(-2.901317883e-09 -0.02500000024 0.6925373134)
(-2.2496138e-09 -0.01287580707 0.6925373238)
(-2.901323185e-09 -0.02500000024 0.7044776119)
(-2.249619101e-09 -0.01287580707 0.7044776224)
(-2.901313984e-09 -0.02500000024 0.7164179104)
(-2.249609898e-09 -0.01287580707 0.7164179211)
(-2.901315826e-09 -0.02500000024 0.728358209)
(-2.249611742e-09 -0.01287580707 0.7283582198)
(-2.901321996e-09 -0.02500000024 0.7402985075)
(-2.249617913e-09 -0.01287580707 0.7402985185)
(-2.901315826e-09 -0.02500000024 0.752238806)
(-2.249611741e-09 -0.01287580707 0.7522388172)
(-2.90131907e-09 -0.02500000024 0.7641791045)
(-2.249614985e-09 -0.01287580707 0.7641791159)
(-2.901317883e-09 -0.02500000024 0.776119403)
(-2.249613798e-09 -0.01287580707 0.7761194146)
(-2.901317883e-09 -0.02500000024 0.7880597015)
(-2.249613799e-09 -0.01287580707 0.7880597132)
(-2.828434248e-09 -0.02499999993 0.8)
(-2.176730121e-09 -0.01287580636 0.8000000119)
(0.01767766683 -0.01767767223 0)
(0.01767766747 -0.01767767294 0.01194029851)
(0.01131370638 -0.01131371085 0)
(0.01131370702 -0.01131371156 0.01194029869)
(0.01767766747 -0.01767767294 0.02388059701)
(0.01131370702 -0.01131371156 0.02388059737)
(0.01767766747 -0.01767767294 0.03582089552)
(0.01131370702 -0.01131371156 0.03582089606)
(0.01767766747 -0.01767767294 0.04776119403)
(0.01131370702 -0.01131371156 0.04776119474)
(0.01767766747 -0.01767767294 0.05970149254)
(0.01131370702 -0.01131371156 0.05970149343)
(0.01767766747 -0.01767767294 0.07164179104)
(0.01131370702 -0.01131371156 0.07164179211)
(0.01767766747 -0.01767767294 0.08358208955)
(0.01131370702 -0.01131371156 0.0835820908)
(0.01767766747 -0.01767767294 0.09552238806)
(0.01131370702 -0.01131371156 0.09552238948)
(0.01767766747 -0.01767767294 0.1074626866)
(0.01131370702 -0.01131371156 0.1074626882)
(0.01767766747 -0.01767767294 0.1194029851)
(0.01131370702 -0.01131371156 0.1194029869)
(0.01767766747 -0.01767767294 0.1313432836)
(0.01131370702 -0.01131371156 0.1313432855)
(0.01767766747 -0.01767767294 0.1432835821)
(0.01131370702 -0.01131371156 0.1432835842)
(0.01767766747 -0.01767767294 0.1552238806)
(0.01131370702 -0.01131371156 0.1552238829)
(0.01767766747 -0.01767767294 0.1671641791)
(0.01131370702 -0.01131371156 0.1671641816)
(0.01767766747 -0.01767767294 0.1791044776)
(0.01131370702 -0.01131371156 0.1791044803)
(0.01767766747 -0.01767767294 0.1910447761)
(0.01131370702 -0.01131371156 0.191044779)
(0.01767766747 -0.01767767294 0.2029850746)
(0.01131370702 -0.01131371156 0.2029850777)
(0.01767766747 -0.01767767294 0.2149253731)
(0.01131370702 -0.01131371156 0.2149253763)
(0.01767766747 -0.01767767294 0.2268656716)
(0.01131370702 -0.01131371156 0.226865675)
(0.01767766747 -0.01767767294 0.2388059701)
(0.01131370702 -0.01131371156 0.2388059737)
(0.01767766747 -0.01767767294 0.2507462687)
(0.01131370702 -0.01131371156 0.2507462724)
(0.01767766747 -0.01767767294 0.2626865672)
(0.01131370702 -0.01131371156 0.2626865711)
(0.01767766747 -0.01767767294 0.2746268657)
(0.01131370702 -0.01131371156 0.2746268698)
(0.01767766747 -0.01767767294 0.2865671642)
(0.01131370702 -0.01131371156 0.2865671684)
(0.01767766747 -0.01767767294 0.2985074627)
(0.01131370702 -0.01131371156 0.2985074671)
(0.01767766747 -0.01767767294 0.3104477612)
(0.01131370702 -0.01131371156 0.3104477658)
(0.01767766747 -0.01767767294 0.3223880597)
(0.01131370702 -0.01131371156 0.3223880645)
(0.01767766747 -0.01767767294 0.3343283582)
(0.01131370702 -0.01131371156 0.3343283632)
(0.01767766747 -0.01767767294 0.3462686567)
(0.01131370702 -0.01131371156 0.3462686619)
(0.01767766747 -0.01767767294 0.3582089552)
(0.01131370702 -0.01131371156 0.3582089606)
(0.01767766747 -0.01767767294 0.3701492537)
(0.01131370702 -0.01131371156 0.3701492592)
(0.01767766747 -0.01767767294 0.3820895522)
(0.01131370702 -0.01131371156 0.3820895579)
(0.01767766747 -0.01767767294 0.3940298507)
(0.01131370702 -0.01131371156 0.3940298566)
(0.01767766747 -0.01767767294 0.4059701493)
(0.01131370702 -0.01131371156 0.4059701553)
(0.01767766747 -0.01767767294 0.4179104478)
(0.01131370702 -0.01131371156 0.417910454)
(0.01767766747 -0.01767767294 0.4298507463)
(0.01131370702 -0.01131371156 0.4298507527)
(0.01767766747 -0.01767767294 0.4417910448)
(0.01131370702 -0.01131371156 0.4417910514)
(0.01767766747 -0.01767767294 0.4537313433)
(0.01131370702 -0.01131371156 0.45373135)
(0.01767766747 -0.01767767294 0.4656716418)
(0.01131370702 -0.01131371156 0.4656716487)
(0.01767766747 -0.01767767294 0.4776119403)
(0.01131370702 -0.01131371156 0.4776119474)
(0.01767766747 -0.01767767294 0.4895522388)
(0.01131370702 -0.01131371156 0.4895522461)
(0.01767766747 -0.01767767294 0.5014925373)
(0.01131370702 -0.01131371156 0.5014925448)
(0.01767766747 -0.01767767294 0.5134328358)
(0.01131370702 -0.01131371156 0.5134328435)
(0.01767766747 -0.01767767294 0.5253731343)
(0.01131370702 -0.01131371156 0.5253731422)
(0.01767766747 -0.01767767294 0.5373134328)
(0.01131370702 -0.01131371156 0.5373134408)
(0.01767766747 -0.01767767294 0.5492537313)
(0.01131370702 -0.01131371156 0.5492537395)
(0.01767766747 -0.01767767294 0.5611940299)
(0.01131370702 -0.01131371156 0.5611940382)
(0.01767766747 -0.01767767294 0.5731343284)
(0.01131370702 -0.01131371156 0.5731343369)
(0.01767766747 -0.01767767294 0.5850746269)
(0.01131370702 -0.01131371156 0.5850746356)
(0.01767766747 -0.01767767294 0.5970149254)
(0.01131370702 -0.01131371156 0.5970149343)
(0.01767766747 -0.01767767294 0.6089552239)
(0.01131370702 -0.01131371156 0.608955233)
(0.01767766747 -0.01767767294 0.6208955224)
(0.01131370702 -0.01131371156 0.6208955316)
(0.01767766747 -0.01767767294 0.6328358209)
(0.01131370702 -0.01131371156 0.6328358303)
(0.01767766747 -0.01767767294 0.6447761194)
(0.01131370702 -0.01131371156 0.644776129)
(0.01767766747 -0.01767767294 0.6567164179)
(0.01131370702 -0.01131371156 0.6567164277)
(0.01767766747 -0.01767767294 0.6686567164)
(0.01131370702 -0.01131371156 0.6686567264)
(0.01767766747 -0.01767767294 0.6805970149)
(0.01131370702 -0.01131371156 0.6805970251)
(0.01767766747 -0.01767767294 0.6925373134)
(0.01131370702 -0.01131371156 0.6925373238)
(0.01767766747 -0.01767767294 0.7044776119)
(0.01131370702 -0.01131371156 0.7044776224)
(0.01767766747 -0.01767767294 0.7164179104)
(0.01131370702 -0.01131371156 0.7164179211)
(0.01767766747 -0.01767767294 0.728358209)
(0.01131370702 -0.01131371156 0.7283582198)
(0.01767766747 -0.01767767294 0.7402985075)
(0.01131370702 -0.01131371156 0.7402985185)
(0.01767766747 -0.01767767294 0.752238806)
(0.01131370702 -0.01131371156 0.7522388172)
(0.01767766747 -0.01767767294 0.7641791045)
(0.01131370702 -0.01131371156 0.7641791159)
(0.01767766747 -0.01767767294 0.776119403)
(0.01131370702 -0.01131371156 0.7761194146)
(0.01767766747 -0.01767767294 0.7880597015)
(0.01131370702 -0.01131371156 0.7880597132)
(0.01767766683 -0.01767767223 0.8)
(0.01131370638 -0.01131371085 0.8000000119)
(-9.679851745e-10 1.327783516e-11 0)
(-1.028987105e-09 5.891383015e-11 0.01194029869)
(-1.028986141e-09 5.891489785e-11 0.02388059737)
(-1.028985661e-09 5.891542432e-11 0.03582089606)
(-1.028986648e-09 5.891432795e-11 0.04776119474)
(-1.028988125e-09 5.891269295e-11 0.05970149343)
(-1.028988138e-09 5.891268035e-11 0.07164179211)
(-1.028988634e-09 5.891212218e-11 0.0835820908)
(-1.028988155e-09 5.891264951e-11 0.09552238948)
(-1.028987193e-09 5.891371634e-11 0.1074626882)
(-1.028988182e-09 5.891261998e-11 0.1194029869)
(-1.028987944e-09 5.891287583e-11 0.1313432855)
(-1.028988205e-09 5.891259001e-11 0.1432835842)
(-1.028987966e-09 5.891284412e-11 0.1552238829)
(-1.028988465e-09 5.891228725e-11 0.1671641816)
(-1.028988113e-09 5.891267667e-11 0.1791044803)
(-1.028988123e-09 5.891266494e-11 0.191044779)
(-1.028988501e-09 5.891224382e-11 0.2029850777)
(-1.028988415e-09 5.891231795e-11 0.2149253763)
(-1.028988268e-09 5.891245671e-11 0.226865675)
(-1.028988351e-09 5.891235087e-11 0.2388059737)
(-1.028988324e-09 5.891233263e-11 0.2507462724)
(-1.028988263e-09 5.891238205e-11 0.2626865711)
(-1.028988054e-09 5.89120199e-11 0.2746268698)
(-1.028988047e-09 5.891202248e-11 0.2865671684)
(-1.028988314e-09 5.891233471e-11 0.2985074671)
(-1.028988304e-09 5.891234553e-11 0.3104477658)
(-1.028988298e-09 5.891235505e-11 0.3223880645)
(-1.028988293e-09 5.891236586e-11 0.3343283632)
(-1.028988588e-09 5.891210347e-11 0.3462686619)
(-1.028988581e-09 5.891210648e-11 0.3582089606)
(-1.028989731e-09 5.891217498e-11 0.3701492592)
(-1.028988565e-09 5.891212725e-11 0.3820895579)
(-1.028988555e-09 5.891213417e-11 0.3940298566)
(-1.028988548e-09 5.891214195e-11 0.4059701553)
(-1.02898855e-09 5.891214366e-11 0.417910454)
(-1.028988548e-09 5.891214277e-11 0.4298507527)
(-1.028988548e-09 5.891214275e-11 0.4417910514)
(-1.02898855e-09 5.891214273e-11 0.45373135)
(-1.028988549e-09 5.891214444e-11 0.4656716487)
(-1.028988551e-09 5.891214485e-11 0.4776119474)
(-1.028989096e-09 5.891275068e-11 0.4895522461)
(-1.028989096e-09 5.891275282e-11 0.5014925448)
(-1.028990194e-09 5.891396711e-11 0.5134328435)
(-1.02899129e-09 5.891518313e-11 0.5253731422)
(-1.028990196e-09 5.89139675e-11 0.5373134408)
(-1.028988001e-09 5.891153149e-11 0.5492537395)
(-1.028988718e-09 5.891256059e-11 0.5611940382)
(-1.028988599e-09 5.891244564e-11 0.5731343369)
(-1.028988291e-09 5.891217544e-11 0.5850746356)
(-1.028988765e-09 5.891174694e-11 0.5970149343)
(-1.028987875e-09 5.891157127e-11 0.608955233)
(-1.028988225e-09 5.891223522e-11 0.6208955316)
(-1.028987401e-09 5.891322138e-11 0.6328358303)
(-1.028988132e-09 5.891403495e-11 0.644776129)
(-1.028987941e-09 5.891273388e-11 0.6567164277)
(-1.028988187e-09 5.891300448e-11 0.6686567264)
(-1.028988649e-09 5.891405917e-11 0.6805970251)
(-1.028988973e-09 5.891278889e-11 0.6925373238)
(-1.028991621e-09 5.891138027e-11 0.7044776224)
(-1.028987019e-09 5.891062565e-11 0.7164179211)
(-1.028987944e-09 5.891273331e-11 0.7283582198)
(-1.028991028e-09 5.891289635e-11 0.7402985185)
(-1.028987939e-09 5.891273674e-11 0.7522388172)
(-1.028989564e-09 5.891127434e-11 0.7641791159)
(-1.028988973e-09 5.891279047e-11 0.7761194146)
(-1.028988971e-09 5.891278871e-11 0.7880597132)
(-9.679851787e-10 1.327783624e-11 0.8000000119)
(-2.829735207e-10 0.01287580643 0)
(-3.320952613e-10 0.01287580723 0.01194029869)
(-3.320933081e-10 0.01287580723 0.02388059737)
(-3.320923359e-10 0.01287580723 0.03582089606)
(-3.320942832e-10 0.01287580723 0.04776119474)
(-3.320972158e-10 0.01287580723 0.05970149343)
(-3.320972142e-10 0.01287580723 0.07164179211)
(-3.320981901e-10 0.01287580723 0.0835820908)
(-3.320972135e-10 0.01287580723 0.09552238948)
(-3.320952646e-10 0.01287580723 0.1074626882)
(-3.320972154e-10 0.01287580723 0.1194029869)
(-3.320967272e-10 0.01287580723 0.1313432855)
(-3.320972156e-10 0.01287580723 0.1432835842)
(-3.320967256e-10 0.01287580723 0.1552238829)
(-3.320977015e-10 0.01287580723 0.1671641816)
(-3.320969704e-10 0.01287580723 0.1791044803)
(-3.320969705e-10 0.01287580723 0.191044779)
(-3.32097707e-10 0.01287580723 0.2029850777)
(-3.320975796e-10 0.01287580723 0.2149253763)
(-3.320973351e-10 0.01287580723 0.226865675)
(-3.320975373e-10 0.01287580723 0.2388059737)
(-3.320975842e-10 0.01287580723 0.2507462724)
(-3.320976224e-10 0.01287580723 0.2626865711)
(-3.320976052e-10 0.01287580723 0.2746268698)
(-3.320975897e-10 0.01287580723 0.2865671684)
(-3.320975715e-10 0.01287580723 0.2985074671)
(-3.320975552e-10 0.01287580723 0.3104477658)
(-3.32097544e-10 0.01287580723 0.3223880645)
(-3.320975267e-10 0.01287580723 0.3343283632)
(-3.320975121e-10 0.01287580723 0.3462686619)
(-3.320974965e-10 0.01287580723 0.3582089606)
(-3.32097481e-10 0.01287580723 0.3701492592)
(-3.320974664e-10 0.01287580723 0.3820895579)
(-3.320974474e-10 0.01287580723 0.3940298566)
(-3.320974318e-10 0.01287580723 0.4059701553)
(-3.320974337e-10 0.01287580723 0.417910454)
(-3.320974346e-10 0.01287580723 0.4298507527)
(-3.320974347e-10 0.01287580723 0.4417910514)
(-3.320974348e-10 0.01287580723 0.45373135)
(-3.320974349e-10 0.01287580723 0.4656716487)
(-3.320974359e-10 0.01287580723 0.4776119474)
(-3.320974333e-10 0.01287580723 0.4895522461)
(-3.320974343e-10 0.01287580723 0.5014925448)
(-3.320974361e-10 0.01287580723 0.5134328435)
(-3.320974345e-10 0.01287580723 0.5253731422)
(-3.320974363e-10 0.01287580723 0.5373134408)
(-3.320974329e-10 0.01287580723 0.5492537395)
(-3.320974391e-10 0.01287580723 0.5611940382)
(-3.320974357e-10 0.01287580723 0.5731343369)
(-3.320974367e-10 0.01287580723 0.5850746356)
(-3.320974359e-10 0.01287580723 0.5970149343)
(-3.320974369e-10 0.01287580723 0.608955233)
(-3.320974352e-10 0.01287580723 0.6208955316)
(-3.320974344e-10 0.01287580723 0.6328358303)
(-3.320974354e-10 0.01287580723 0.644776129)
(-3.320974372e-10 0.01287580723 0.6567164277)
(-3.320974373e-10 0.01287580723 0.6686567264)
(-3.320974374e-10 0.01287580723 0.6805970251)
(-3.320974375e-10 0.01287580723 0.6925373238)
(-3.320974367e-10 0.01287580723 0.7044776224)
(-3.320974351e-10 0.01287580723 0.7164179211)
(-3.32097436e-10 0.01287580723 0.7283582198)
(-3.320974361e-10 0.01287580723 0.7402985185)
(-3.320974371e-10 0.01287580723 0.7522388172)
(-3.32097438e-10 0.01287580723 0.7641791159)
(-3.320974381e-10 0.01287580723 0.7761194146)
(-3.320974382e-10 0.01287580723 0.7880597132)
(-2.829735276e-10 0.01287580643 0.8000000119)
(0.01287580509 -7.811816669e-10 0)
(0.01287580579 -7.19018244e-10 0.01194029869)
(0.01287580579 -7.190182701e-10 0.02388059737)
(0.01287580579 -7.190182918e-10 0.03582089606)
(0.01287580579 -7.190183143e-10 0.04776119474)
(0.01287580579 -7.19018336e-10 0.05970149343)
(0.01287580579 -7.190183594e-10 0.07164179211)
(0.01287580579 -7.190183872e-10 0.0835820908)
(0.01287580579 -7.190184106e-10 0.09552238948)
(0.01287580579 -7.190184366e-10 0.1074626882)
(0.01287580579 -7.190184618e-10 0.1194029869)
(0.01287580579 -7.190184852e-10 0.1313432855)
(0.01287580579 -7.190185078e-10 0.1432835842)
(0.01287580579 -7.190185338e-10 0.1552238829)
(0.01287580579 -7.190185598e-10 0.1671641816)
(0.01287580579 -7.190185815e-10 0.1791044803)
(0.01287580579 -7.19018605e-10 0.191044779)
(0.01287580579 -7.190186266e-10 0.2029850777)
(0.01287580579 -7.19018598e-10 0.2149253763)
(0.01287580579 -7.190185738e-10 0.226865675)
(0.01287580579 -7.190185425e-10 0.2388059737)
(0.01287580579 -7.19018487e-10 0.2507462724)
(0.01287580579 -7.190183517e-10 0.2626865711)
(0.01287580579 -7.19018487e-10 0.2746268698)
(0.01287580579 -7.190184888e-10 0.2865671684)
(0.01287580579 -7.190184905e-10 0.2985074671)
(0.01287580579 -7.190184905e-10 0.3104477658)
(0.01287580579 -7.190184871e-10 0.3223880645)
(0.01287580579 -7.190184862e-10 0.3343283632)
(0.01287580579 -7.190190353e-10 0.3462686619)
(0.01287580579 -7.190190353e-10 0.3582089606)
(0.01287580579 -7.190201316e-10 0.3701492592)
(0.01287580579 -7.190190353e-10 0.3820895579)
(0.01287580579 -7.190190353e-10 0.3940298566)
(0.01287580579 -7.190190353e-10 0.4059701553)
(0.01287580579 -7.190190344e-10 0.417910454)
(0.01287580579 -7.190190353e-10 0.4298507527)
(0.01287580579 -7.190190353e-10 0.4417910514)
(0.01287580579 -7.190190353e-10 0.45373135)
(0.01287580579 -7.190190353e-10 0.4656716487)
(0.01287580579 -7.190190353e-10 0.4776119474)
(0.01287580579 -7.190190353e-10 0.4895522461)
(0.01287580579 -7.190190353e-10 0.5014925448)
(0.01287580579 -7.190190371e-10 0.5134328435)
(0.01287580579 -7.190190371e-10 0.5253731422)
(0.01287580579 -7.190190354e-10 0.5373134408)
(0.01287580579 -7.190190345e-10 0.5492537395)
(0.01287580579 -7.190188281e-10 0.5611940382)
(0.01287580579 -7.190188125e-10 0.5731343369)
(0.01287580579 -7.190187509e-10 0.5850746356)
(0.01287580579 -7.190196018e-10 0.5970149343)
(0.01287580579 -7.190188741e-10 0.608955233)
(0.01287580579 -7.190186286e-10 0.6208955316)
(0.01287580579 -7.190169234e-10 0.6328358303)
(0.01287580579 -7.190169234e-10 0.644776129)
(0.01287580579 -7.190178983e-10 0.6567164277)
(0.01287580579 -7.190178983e-10 0.6686567264)
(0.01287580579 -7.190174117e-10 0.6805970251)
(0.01287580579 -7.190188732e-10 0.6925373238)
(0.01287580579 -7.19022772e-10 0.7044776224)
(0.01287580579 -7.190188733e-10 0.7164179211)
(0.01287580579 -7.190178984e-10 0.7283582198)
(0.01287580579 -7.190208231e-10 0.7402985185)
(0.01287580579 -7.190178975e-10 0.7522388172)
(0.01287580579 -7.190208222e-10 0.7641791159)
(0.01287580579 -7.190188733e-10 0.7761194146)
(0.01287580579 -7.190188733e-10 0.7880597132)
(0.01287580509 -7.811816664e-10 0.8000000119)
(0.01131370867 0.01131370949 0)
(0.01131370942 0.01131371032 0.01194029869)
(0.01131370942 0.01131371032 0.02388059737)
(0.01131370942 0.01131371032 0.03582089606)
(0.01131370942 0.01131371032 0.04776119474)
(0.01131370942 0.01131371032 0.05970149343)
(0.01131370942 0.01131371032 0.07164179211)
(0.01131370942 0.01131371032 0.0835820908)
(0.01131370942 0.01131371032 0.09552238948)
(0.01131370942 0.01131371032 0.1074626882)
(0.01131370942 0.01131371032 0.1194029869)
(0.01131370942 0.01131371032 0.1313432855)
(0.01131370942 0.01131371032 0.1432835842)
(0.01131370942 0.01131371032 0.1552238829)
(0.01131370942 0.01131371032 0.1671641816)
(0.01131370942 0.01131371032 0.1791044803)
(0.01131370942 0.01131371032 0.191044779)
(0.01131370942 0.01131371032 0.2029850777)
(0.01131370942 0.01131371032 0.2149253763)
(0.01131370942 0.01131371032 0.226865675)
(0.01131370942 0.01131371032 0.2388059737)
(0.01131370942 0.01131371032 0.2507462724)
(0.01131370942 0.01131371032 0.2626865711)
(0.01131370942 0.01131371032 0.2746268698)
(0.01131370942 0.01131371032 0.2865671684)
(0.01131370942 0.01131371032 0.2985074671)
(0.01131370942 0.01131371032 0.3104477658)
(0.01131370942 0.01131371032 0.3223880645)
(0.01131370942 0.01131371032 0.3343283632)
(0.01131370942 0.01131371032 0.3462686619)
(0.01131370942 0.01131371032 0.3582089606)
(0.01131370942 0.01131371032 0.3701492592)
(0.01131370942 0.01131371032 0.3820895579)
(0.01131370942 0.01131371032 0.3940298566)
(0.01131370942 0.01131371032 0.4059701553)
(0.01131370942 0.01131371032 0.417910454)
(0.01131370942 0.01131371032 0.4298507527)
(0.01131370942 0.01131371032 0.4417910514)
(0.01131370942 0.01131371032 0.45373135)
(0.01131370942 0.01131371032 0.4656716487)
(0.01131370942 0.01131371032 0.4776119474)
(0.01131370942 0.01131371032 0.4895522461)
(0.01131370942 0.01131371032 0.5014925448)
(0.01131370942 0.01131371032 0.5134328435)
(0.01131370942 0.01131371032 0.5253731422)
(0.01131370942 0.01131371032 0.5373134408)
(0.01131370942 0.01131371032 0.5492537395)
(0.01131370942 0.01131371032 0.5611940382)
(0.01131370942 0.01131371032 0.5731343369)
(0.01131370942 0.01131371032 0.5850746356)
(0.01131370942 0.01131371032 0.5970149343)
(0.01131370942 0.01131371032 0.608955233)
(0.01131370942 0.01131371032 0.6208955316)
(0.01131370942 0.01131371032 0.6328358303)
(0.01131370942 0.01131371032 0.644776129)
(0.01131370942 0.01131371032 0.6567164277)
(0.01131370942 0.01131371032 0.6686567264)
(0.01131370942 0.01131371032 0.6805970251)
(0.01131370942 0.01131371032 0.6925373238)
(0.01131370942 0.01131371032 0.7044776224)
(0.01131370942 0.01131371032 0.7164179211)
(0.01131370942 0.01131371032 0.7283582198)
(0.01131370942 0.01131371032 0.7402985185)
(0.01131370942 0.01131371032 0.7522388172)
(0.01131370942 0.01131371032 0.7641791159)
(0.01131370942 0.01131371032 0.7761194146)
(0.01131370942 0.01131371032 0.7880597132)
(0.01131370867 0.01131370949 0.8000000119)
(-3.677047544e-10 0.02499999999 0)
(-4.168264891e-10 0.02500000035 0.01194029851)
(-4.168245371e-10 0.02500000035 0.02388059701)
(-4.168235639e-10 0.02500000035 0.03582089552)
(-4.168255138e-10 0.02500000035 0.04776119403)
(-4.168284402e-10 0.02500000035 0.05970149254)
(-4.16828442e-10 0.02500000035 0.07164179104)
(-4.168294152e-10 0.02500000035 0.08358208955)
(-4.168284402e-10 0.02500000035 0.09552238806)
(-4.168264887e-10 0.02500000035 0.1074626866)
(-4.16828442e-10 0.02500000035 0.1194029851)
(-4.168279528e-10 0.02500000035 0.1313432836)
(-4.168284402e-10 0.02500000035 0.1432835821)
(-4.168279528e-10 0.02500000035 0.1552238806)
(-4.168289277e-10 0.02500000035 0.1671641791)
(-4.168281956e-10 0.02500000035 0.1791044776)
(-4.168281956e-10 0.02500000035 0.1910447761)
(-4.16828926e-10 0.02500000035 0.2029850746)
(-4.168288045e-10 0.02500000035 0.2149253731)
(-4.168285617e-10 0.02500000035 0.2268656716)
(-4.168287594e-10 0.02500000035 0.2388059701)
(-4.168288115e-10 0.02500000035 0.2507462687)
(-4.168288444e-10 0.02500000035 0.2626865672)
(-4.168288288e-10 0.02500000035 0.2746268657)
(-4.168288149e-10 0.02500000035 0.2865671642)
(-4.168287976e-10 0.02500000035 0.2985074627)
(-4.168287785e-10 0.02500000035 0.3104477612)
(-4.168287681e-10 0.02500000035 0.3223880597)
(-4.168287525e-10 0.02500000035 0.3343283582)
(-4.168287369e-10 0.02500000035 0.3462686567)
(-4.168287213e-10 0.02500000035 0.3582089552)
(-4.168287039e-10 0.02500000035 0.3701492537)
(-4.1682869e-10 0.02500000035 0.3820895522)
(-4.168286727e-10 0.02500000035 0.3940298507)
(-4.168286571e-10 0.02500000035 0.4059701493)
(-4.168286571e-10 0.02500000035 0.4179104478)
(-4.168286588e-10 0.02500000035 0.4298507463)
(-4.168286588e-10 0.02500000035 0.4417910448)
(-4.168286588e-10 0.02500000035 0.4537313433)
(-4.168286588e-10 0.02500000035 0.4656716418)
(-4.168286588e-10 0.02500000035 0.4776119403)
(-4.168286571e-10 0.02500000035 0.4895522388)
(-4.168286571e-10 0.02500000035 0.5014925373)
(-4.168286588e-10 0.02500000035 0.5134328358)
(-4.168286571e-10 0.02500000035 0.5253731343)
(-4.168286588e-10 0.02500000035 0.5373134328)
(-4.168286553e-10 0.02500000035 0.5492537313)
(-4.168286588e-10 0.02500000035 0.5611940299)
(-4.168286588e-10 0.02500000035 0.5731343284)
(-4.168286588e-10 0.02500000035 0.5850746269)
(-4.168286588e-10 0.02500000035 0.5970149254)
(-4.168286571e-10 0.02500000035 0.6089552239)
(-4.168286571e-10 0.02500000035 0.6208955224)
(-4.168286571e-10 0.02500000035 0.6328358209)
(-4.168286571e-10 0.02500000035 0.6447761194)
(-4.168286588e-10 0.02500000035 0.6567164179)
(-4.168286588e-10 0.02500000035 0.6686567164)
(-4.168286588e-10 0.02500000035 0.6805970149)
(-4.168286588e-10 0.02500000035 0.6925373134)
(-4.168286588e-10 0.02500000035 0.7044776119)
(-4.168286571e-10 0.02500000035 0.7164179104)
(-4.168286571e-10 0.02500000035 0.728358209)
(-4.168286571e-10 0.02500000035 0.7402985075)
(-4.168286588e-10 0.02500000035 0.752238806)
(-4.168286588e-10 0.02500000035 0.7641791045)
(-4.168286588e-10 0.02500000035 0.776119403)
(-4.168286592e-10 0.02500000035 0.7880597015)
(-3.677047544e-10 0.02499999999 0.8)
(0.01767766912 0.01767766994 0)
(0.01767766987 0.01767767077 0.01194029851)
(0.01767766987 0.01767767077 0.02388059701)
(0.01767766987 0.01767767077 0.03582089552)
(0.01767766987 0.01767767077 0.04776119403)
(0.01767766987 0.01767767077 0.05970149254)
(0.01767766987 0.01767767077 0.07164179104)
(0.01767766987 0.01767767077 0.08358208955)
(0.01767766987 0.01767767077 0.09552238806)
(0.01767766987 0.01767767077 0.1074626866)
(0.01767766987 0.01767767077 0.1194029851)
(0.01767766987 0.01767767077 0.1313432836)
(0.01767766987 0.01767767077 0.1432835821)
(0.01767766987 0.01767767077 0.1552238806)
(0.01767766987 0.01767767077 0.1671641791)
(0.01767766987 0.01767767077 0.1791044776)
(0.01767766987 0.01767767077 0.1910447761)
(0.01767766987 0.01767767077 0.2029850746)
(0.01767766987 0.01767767077 0.2149253731)
(0.01767766987 0.01767767077 0.2268656716)
(0.01767766987 0.01767767077 0.2388059701)
(0.01767766987 0.01767767077 0.2507462687)
(0.01767766987 0.01767767077 0.2626865672)
(0.01767766987 0.01767767077 0.2746268657)
(0.01767766987 0.01767767077 0.2865671642)
(0.01767766987 0.01767767077 0.2985074627)
(0.01767766987 0.01767767077 0.3104477612)
(0.01767766987 0.01767767077 0.3223880597)
(0.01767766987 0.01767767077 0.3343283582)
(0.01767766987 0.01767767077 0.3462686567)
(0.01767766987 0.01767767077 0.3582089552)
(0.01767766987 0.01767767077 0.3701492537)
(0.01767766987 0.01767767077 0.3820895522)
(0.01767766987 0.01767767077 0.3940298507)
(0.01767766987 0.01767767077 0.4059701493)
(0.01767766987 0.01767767077 0.4179104478)
(0.01767766987 0.01767767077 0.4298507463)
(0.01767766987 0.01767767077 0.4417910448)
(0.01767766987 0.01767767077 0.4537313433)
(0.01767766987 0.01767767077 0.4656716418)
(0.01767766987 0.01767767077 0.4776119403)
(0.01767766987 0.01767767077 0.4895522388)
(0.01767766987 0.01767767077 0.5014925373)
(0.01767766987 0.01767767077 0.5134328358)
(0.01767766987 0.01767767077 0.5253731343)
(0.01767766987 0.01767767077 0.5373134328)
(0.01767766987 0.01767767077 0.5492537313)
(0.01767766987 0.01767767077 0.5611940299)
(0.01767766987 0.01767767077 0.5731343284)
(0.01767766987 0.01767767077 0.5850746269)
(0.01767766987 0.01767767077 0.5970149254)
(0.01767766987 0.01767767077 0.6089552239)
(0.01767766987 0.01767767077 0.6208955224)
(0.01767766987 0.01767767077 0.6328358209)
(0.01767766987 0.01767767077 0.6447761194)
(0.01767766987 0.01767767077 0.6567164179)
(0.01767766987 0.01767767077 0.6686567164)
(0.01767766987 0.01767767077 0.6805970149)
(0.01767766987 0.01767767077 0.6925373134)
(0.01767766987 0.01767767077 0.7044776119)
(0.01767766987 0.01767767077 0.7164179104)
(0.01767766987 0.01767767077 0.728358209)
(0.01767766987 0.01767767077 0.7402985075)
(0.01767766987 0.01767767077 0.752238806)
(0.01767766987 0.01767767077 0.7641791045)
(0.01767766987 0.01767767077 0.776119403)
(0.01767766987 0.01767767077 0.7880597015)
(0.01767766912 0.01767766994 0.8)
(0.02499999988 -1.619276091e-09 0)
(0.0250000003 -1.557112656e-09 0.01194029851)
(0.0250000003 -1.557112677e-09 0.02388059701)
(0.0250000003 -1.557112703e-09 0.03582089552)
(0.0250000003 -1.557112725e-09 0.04776119403)
(0.0250000003 -1.557112746e-09 0.05970149254)
(0.0250000003 -1.557112772e-09 0.07164179104)
(0.0250000003 -1.557112796e-09 0.08358208955)
(0.0250000003 -1.557112822e-09 0.09552238806)
(0.0250000003 -1.557112847e-09 0.1074626866)
(0.0250000003 -1.557112869e-09 0.1194029851)
(0.0250000003 -1.557112893e-09 0.1313432836)
(0.0250000003 -1.557112919e-09 0.1432835821)
(0.0250000003 -1.557112942e-09 0.1552238806)
(0.0250000003 -1.557112968e-09 0.1671641791)
(0.0250000003 -1.557112991e-09 0.1791044776)
(0.0250000003 -1.557113015e-09 0.1910447761)
(0.0250000003 -1.557113037e-09 0.2029850746)
(0.0250000003 -1.557113008e-09 0.2149253731)
(0.0250000003 -1.557112984e-09 0.2268656716)
(0.0250000003 -1.557112951e-09 0.2388059701)
(0.0250000003 -1.557112897e-09 0.2507462687)
(0.0250000003 -1.557112758e-09 0.2626865672)
(0.0250000003 -1.557112897e-09 0.2746268657)
(0.0250000003 -1.557112899e-09 0.2865671642)
(0.0250000003 -1.557112899e-09 0.2985074627)
(0.0250000003 -1.5571129e-09 0.3104477612)
(0.0250000003 -1.557112895e-09 0.3223880597)
(0.0250000003 -1.557112897e-09 0.3343283582)
(0.0250000003 -1.557113447e-09 0.3462686567)
(0.0250000003 -1.557113445e-09 0.3582089552)
(0.0250000003 -1.557114541e-09 0.3701492537)
(0.0250000003 -1.557113445e-09 0.3820895522)
(0.0250000003 -1.557113445e-09 0.3940298507)
(0.0250000003 -1.557113445e-09 0.4059701493)
(0.0250000003 -1.557113445e-09 0.4179104478)
(0.0250000003 -1.557113445e-09 0.4298507463)
(0.0250000003 -1.557113445e-09 0.4417910448)
(0.0250000003 -1.557113445e-09 0.4537313433)
(0.0250000003 -1.557113445e-09 0.4656716418)
(0.0250000003 -1.557113445e-09 0.4776119403)
(0.0250000003 -1.557113445e-09 0.4895522388)
(0.0250000003 -1.557113445e-09 0.5014925373)
(0.0250000003 -1.557113447e-09 0.5134328358)
(0.0250000003 -1.557113447e-09 0.5253731343)
(0.0250000003 -1.557113445e-09 0.5373134328)
(0.0250000003 -1.557113445e-09 0.5492537313)
(0.0250000003 -1.557113239e-09 0.5611940299)
(0.0250000003 -1.557113223e-09 0.5731343284)
(0.0250000003 -1.557113162e-09 0.5850746269)
(0.0250000003 -1.557114014e-09 0.5970149254)
(0.0250000003 -1.557113284e-09 0.6089552239)
(0.0250000003 -1.557113039e-09 0.6208955224)
(0.0250000003 -1.557111334e-09 0.6328358209)
(0.0250000003 -1.557111334e-09 0.6447761194)
(0.0250000003 -1.557112309e-09 0.6567164179)
(0.0250000003 -1.557112309e-09 0.6686567164)
(0.0250000003 -1.557111821e-09 0.6805970149)
(0.0250000003 -1.557113284e-09 0.6925373134)
(0.0250000003 -1.557117183e-09 0.7044776119)
(0.0250000003 -1.557113284e-09 0.7164179104)
(0.0250000003 -1.557112309e-09 0.728358209)
(0.0250000003 -1.557115234e-09 0.7402985075)
(0.0250000003 -1.557112309e-09 0.752238806)
(0.0250000003 -1.557115234e-09 0.7641791045)
(0.0250000003 -1.557113284e-09 0.776119403)
(0.0250000003 -1.557113284e-09 0.7880597015)
(0.02499999988 -1.619276091e-09 0.8)
)


// ************************************************************************* //
