/*--------------------------------*- C++ -*----------------------------------*\
| =========                 |                                                 |
| \\      /  F ield         | OpenFOAM: The Open Source CFD Toolbox           |
|  \\    /   O peration     | Version:  3.0.1                                 |
|   \\  /    A nd           | Web:      www.OpenFOAM.org                      |
|    \\/     M anipulation  |                                                 |
\*---------------------------------------------------------------------------*/
FoamFile
{
    version     2.0;
    format      ascii;
    class       labelList;
    note        "nPoints:1156  nCells:804  nFaces:2692  nInternalFaces:2132";
    location    "constant/polyMesh";
    object      neighbour;
}
// * * * * * * * * * * * * * * * * * * * * * * * * * * * * * * * * * * * * * //


2132
(
1
67
134
268
2
68
135
269
3
69
136
270
4
70
137
271
5
71
138
272
6
72
139
273
7
73
140
274
8
74
141
275
9
75
142
276
10
76
143
277
11
77
144
278
12
78
145
279
13
79
146
280
14
80
147
281
15
81
148
282
16
82
149
283
17
83
150
284
18
84
151
285
19
85
152
286
20
86
153
287
21
87
154
288
22
88
155
289
23
89
156
290
24
90
157
291
25
91
158
292
26
92
159
293
27
93
160
294
28
94
161
295
29
95
162
296
30
96
163
297
31
97
164
298
32
98
165
299
33
99
166
300
34
100
167
301
35
101
168
302
36
102
169
303
37
103
170
304
38
104
171
305
39
105
172
306
40
106
173
307
41
107
174
308
42
108
175
309
43
109
176
310
44
110
177
311
45
111
178
312
46
112
179
313
47
113
180
314
48
114
181
315
49
115
182
316
50
116
183
317
51
117
184
318
52
118
185
319
53
119
186
320
54
120
187
321
55
121
188
322
56
122
189
323
57
123
190
324
58
124
191
325
59
125
192
326
60
126
193
327
61
127
194
328
62
128
195
329
63
129
196
330
64
130
197
331
65
131
198
332
66
132
199
333
133
200
334
68
335
536
69
336
537
70
337
538
71
338
539
72
339
540
73
340
541
74
341
542
75
342
543
76
343
544
77
344
545
78
345
546
79
346
547
80
347
548
81
348
549
82
349
550
83
350
551
84
351
552
85
352
553
86
353
554
87
354
555
88
355
556
89
356
557
90
357
558
91
358
559
92
359
560
93
360
561
94
361
562
95
362
563
96
363
564
97
364
565
98
365
566
99
366
567
100
367
568
101
368
569
102
369
570
103
370
571
104
371
572
105
372
573
106
373
574
107
374
575
108
375
576
109
376
577
110
377
578
111
378
579
112
379
580
113
380
581
114
381
582
115
382
583
116
383
584
117
384
585
118
385
586
119
386
587
120
387
588
121
388
589
122
389
590
123
390
591
124
391
592
125
392
593
126
393
594
127
394
595
128
395
596
129
396
597
130
397
598
131
398
599
132
399
600
133
400
601
401
602
135
201
268
136
202
269
137
203
270
138
204
271
139
205
272
140
206
273
141
207
274
142
208
275
143
209
276
144
210
277
145
211
278
146
212
279
147
213
280
148
214
281
149
215
282
150
216
283
151
217
284
152
218
285
153
219
286
154
220
287
155
221
288
156
222
289
157
223
290
158
224
291
159
225
292
160
226
293
161
227
294
162
228
295
163
229
296
164
230
297
165
231
298
166
232
299
167
233
300
168
234
301
169
235
302
170
236
303
171
237
304
172
238
305
173
239
306
174
240
307
175
241
308
176
242
309
177
243
310
178
244
311
179
245
312
180
246
313
181
247
314
182
248
315
183
249
316
184
250
317
185
251
318
186
252
319
187
253
320
188
254
321
189
255
322
190
256
323
191
257
324
192
258
325
193
259
326
194
260
327
195
261
328
196
262
329
197
263
330
198
264
331
199
265
332
200
266
333
267
334
202
402
670
203
403
671
204
404
672
205
405
673
206
406
674
207
407
675
208
408
676
209
409
677
210
410
678
211
411
679
212
412
680
213
413
681
214
414
682
215
415
683
216
416
684
217
417
685
218
418
686
219
419
687
220
420
688
221
421
689
222
422
690
223
423
691
224
424
692
225
425
693
226
426
694
227
427
695
228
428
696
229
429
697
230
430
698
231
431
699
232
432
700
233
433
701
234
434
702
235
435
703
236
436
704
237
437
705
238
438
706
239
439
707
240
440
708
241
441
709
242
442
710
243
443
711
244
444
712
245
445
713
246
446
714
247
447
715
248
448
716
249
449
717
250
450
718
251
451
719
252
452
720
253
453
721
254
454
722
255
455
723
256
456
724
257
457
725
258
458
726
259
459
727
260
460
728
261
461
729
262
462
730
263
463
731
264
464
732
265
465
733
266
466
734
267
467
735
468
736
269
335
402
270
336
403
271
337
404
272
338
405
273
339
406
274
340
407
275
341
408
276
342
409
277
343
410
278
344
411
279
345
412
280
346
413
281
347
414
282
348
415
283
349
416
284
350
417
285
351
418
286
352
419
287
353
420
288
354
421
289
355
422
290
356
423
291
357
424
292
358
425
293
359
426
294
360
427
295
361
428
296
362
429
297
363
430
298
364
431
299
365
432
300
366
433
301
367
434
302
368
435
303
369
436
304
370
437
305
371
438
306
372
439
307
373
440
308
374
441
309
375
442
310
376
443
311
377
444
312
378
445
313
379
446
314
380
447
315
381
448
316
382
449
317
383
450
318
384
451
319
385
452
320
386
453
321
387
454
322
388
455
323
389
456
324
390
457
325
391
458
326
392
459
327
393
460
328
394
461
329
395
462
330
396
463
331
397
464
332
398
465
333
399
466
334
400
467
401
468
336
469
536
337
470
537
338
471
538
339
472
539
340
473
540
341
474
541
342
475
542
343
476
543
344
477
544
345
478
545
346
479
546
347
480
547
348
481
548
349
482
549
350
483
550
351
484
551
352
485
552
353
486
553
354
487
554
355
488
555
356
489
556
357
490
557
358
491
558
359
492
559
360
493
560
361
494
561
362
495
562
363
496
563
364
497
564
365
498
565
366
499
566
367
500
567
368
501
568
369
502
569
370
503
570
371
504
571
372
505
572
373
506
573
374
507
574
375
508
575
376
509
576
377
510
577
378
511
578
379
512
579
380
513
580
381
514
581
382
515
582
383
516
583
384
517
584
385
518
585
386
519
586
387
520
587
388
521
588
389
522
589
390
523
590
391
524
591
392
525
592
393
526
593
394
527
594
395
528
595
396
529
596
397
530
597
398
531
598
399
532
599
400
533
600
401
534
601
535
602
403
469
670
404
470
671
405
471
672
406
472
673
407
473
674
408
474
675
409
475
676
410
476
677
411
477
678
412
478
679
413
479
680
414
480
681
415
481
682
416
482
683
417
483
684
418
484
685
419
485
686
420
486
687
421
487
688
422
488
689
423
489
690
424
490
691
425
491
692
426
492
693
427
493
694
428
494
695
429
495
696
430
496
697
431
497
698
432
498
699
433
499
700
434
500
701
435
501
702
436
502
703
437
503
704
438
504
705
439
505
706
440
506
707
441
507
708
442
508
709
443
509
710
444
510
711
445
511
712
446
512
713
447
513
714
448
514
715
449
515
716
450
516
717
451
517
718
452
518
719
453
519
720
454
520
721
455
521
722
456
522
723
457
523
724
458
524
725
459
525
726
460
526
727
461
527
728
462
528
729
463
529
730
464
530
731
465
531
732
466
532
733
467
533
734
468
534
735
535
736
470
603
737
471
604
738
472
605
739
473
606
740
474
607
741
475
608
742
476
609
743
477
610
744
478
611
745
479
612
746
480
613
747
481
614
748
482
615
749
483
616
750
484
617
751
485
618
752
486
619
753
487
620
754
488
621
755
489
622
756
490
623
757
491
624
758
492
625
759
493
626
760
494
627
761
495
628
762
496
629
763
497
630
764
498
631
765
499
632
766
500
633
767
501
634
768
502
635
769
503
636
770
504
637
771
505
638
772
506
639
773
507
640
774
508
641
775
509
642
776
510
643
777
511
644
778
512
645
779
513
646
780
514
647
781
515
648
782
516
649
783
517
650
784
518
651
785
519
652
786
520
653
787
521
654
788
522
655
789
523
656
790
524
657
791
525
658
792
526
659
793
527
660
794
528
661
795
529
662
796
530
663
797
531
664
798
532
665
799
533
666
800
534
667
801
535
668
802
669
803
537
603
538
604
539
605
540
606
541
607
542
608
543
609
544
610
545
611
546
612
547
613
548
614
549
615
550
616
551
617
552
618
553
619
554
620
555
621
556
622
557
623
558
624
559
625
560
626
561
627
562
628
563
629
564
630
565
631
566
632
567
633
568
634
569
635
570
636
571
637
572
638
573
639
574
640
575
641
576
642
577
643
578
644
579
645
580
646
581
647
582
648
583
649
584
650
585
651
586
652
587
653
588
654
589
655
590
656
591
657
592
658
593
659
594
660
595
661
596
662
597
663
598
664
599
665
600
666
601
667
602
668
669
604
737
605
738
606
739
607
740
608
741
609
742
610
743
611
744
612
745
613
746
614
747
615
748
616
749
617
750
618
751
619
752
620
753
621
754
622
755
623
756
624
757
625
758
626
759
627
760
628
761
629
762
630
763
631
764
632
765
633
766
634
767
635
768
636
769
637
770
638
771
639
772
640
773
641
774
642
775
643
776
644
777
645
778
646
779
647
780
648
781
649
782
650
783
651
784
652
785
653
786
654
787
655
788
656
789
657
790
658
791
659
792
660
793
661
794
662
795
663
796
664
797
665
798
666
799
667
800
668
801
669
802
803
671
737
672
738
673
739
674
740
675
741
676
742
677
743
678
744
679
745
680
746
681
747
682
748
683
749
684
750
685
751
686
752
687
753
688
754
689
755
690
756
691
757
692
758
693
759
694
760
695
761
696
762
697
763
698
764
699
765
700
766
701
767
702
768
703
769
704
770
705
771
706
772
707
773
708
774
709
775
710
776
711
777
712
778
713
779
714
780
715
781
716
782
717
783
718
784
719
785
720
786
721
787
722
788
723
789
724
790
725
791
726
792
727
793
728
794
729
795
730
796
731
797
732
798
733
799
734
800
735
801
736
802
803
738
739
740
741
742
743
744
745
746
747
748
749
750
751
752
753
754
755
756
757
758
759
760
761
762
763
764
765
766
767
768
769
770
771
772
773
774
775
776
777
778
779
780
781
782
783
784
785
786
787
788
789
790
791
792
793
794
795
796
797
798
799
800
801
802
803
)


// ************************************************************************* //
